serviceType, lac-cid, lat, long, attributes
10112, 9434-32632,0.000000,0.000000, 2378744
10112, 10326-58139,0.000000,0.000000, 2029252
10112, 10032-65419,0.000000,0.000000, 1158167
10112, 9454-48859,23.090030,113.285740, 1103730
10112, 9509-26294,23.117320,113.400090, 763792
10112, 10311-19217,23.073890,113.302700, 542269
10112, 9745-41909,0.000000,0.000000, 424418
10112, 10038-26609,23.151790,113.482550, 336424
10112, 10312-47751,23.124660,113.242540, 262733
10112, 10303-59628,0.000000,0.000000, 153192
19035, 10040-55752,0.000000,0.000000, 36798
19035, 10016-17618,23.067450,113.339570, 2661
19035, 9434-36371,0.000000,0.000000, 2236
19035, 9748-50721,23.598580,113.529570, 2218
19035, 9739-31855,0.000000,0.000000, 2052
19035, 9451-38125,23.136590,113.275830, 1808
19035, 9509-10915,23.116680,113.395730, 1668
19035, 9475-28557,23.181790,113.473500, 1302
19035, 10032-18204,0.000000,0.000000, 1184
19035, 10325-15024,23.163730,113.380500, 1101
10091, 9444-65401,0.000000,0.000000, 348100
10091, 9447-32994,0.000000,0.000000, 75527
10091, 10015-24817,23.111710,113.540120, 67695
10091, 9734-627,23.152170,113.245830, 51190
10091, 9483-28736,23.100420,113.430180, 34705
10091, 10042-26867,23.131950,113.377810, 29395
10091, 10326-11072,0.000000,0.000000, 10566
10091, 9475-10241,0.000000,0.000000, 8250
10091, 10329-34262,23.169210,113.268790, 4195
10091, 9429-65434,0.000000,0.000000, 3752
19099, 10009-19037,23.100560,113.268100, 294216
19099, 10315-19817,23.148260,113.252950, 290460
19099, 9423-30714,23.128630,113.311580, 257598
19099, 9508-58619,23.121130,113.270880, 138766
19099, 10039-23997,23.479760,113.550970, 49714
19099, 9731-14959,23.211470,113.278980, 9109
19099, 10315-29842,23.148550,113.260800, 852
19099, 9451-38125,23.136590,113.275830, 678
19099, 9452-52939,0.000000,0.000000, 408
19099, 9481-11343,23.095310,113.256420, 378
19081, 10035-47762,0.000000,0.000000, 4208
19081, 10037-17342,0.000000,0.000000, 3612
19081, 9743-34338,0.000000,0.000000, 2775
19081, 9506-12616,23.652780,113.653890, 2775
19081, 10023-27041,0.000000,0.000000, 2648
19081, 9743-2611,0.000000,0.000000, 1977
19081, 10027-14216,0.000000,0.000000, 1951
19081, 9734-58749,23.151530,113.245330, 1596
19081, 9429-65409,0.000000,0.000000, 945
19081, 10038-59742,0.000000,0.000000, 811
16010, 10309-65419,0.000000,0.000000, 67506
16010, 9481-33522,23.089764,113.258379, 27814
16010, 10031-11598,0.000000,0.000000, 19122
16010, 10043-46265,23.143110,113.308910, 10972
16010, 10309-16381,0.000000,0.000000, 7284
16010, 10004-42049,23.173690,113.311840, 5433
16010, 10044-57481,23.559750,113.568680, 3769
16010, 10329-58863,23.153340,113.262650, 1954
16010, 9740-40561,0.000000,0.000000, 1311
16010, 10031-65405,0.000000,0.000000, 780
6028, 10038-51822,0.000000,0.000000, 410736
6028, 9664-55445,0.000000,0.000000, 192077
6028, 10016-57604,23.069820,113.331280, 139539
6028, 9736-58857,23.071890,113.318340, 52843
6028, 10333-24326,0.000000,0.000000, 23382
6028, 10042-17098,23.135510,113.372640, 12246
6028, 9728-20994,23.171290,113.243420, 11387
6028, 9492-13948,23.102900,113.288000, 10506
6028, 10329-34314,23.167450,113.272070, 7624
6028, 9425-19385,23.199560,113.379360, 2360
5005, 9506-51363,23.761660,113.739720, 67650
5005, 10026-16095,23.244950,113.342200, 43939
5005, 9487-38714,23.140220,113.216820, 8142
5005, 9747-18155,23.204170,113.324170, 6695
5005, 9462-28175,23.088870,113.266240, 4689
5005, 9484-901,23.117610,113.274100, 2810
5005, 9729-13978,23.156390,113.340620, 1416
5005, 10316-38117,23.120780,113.259690, 1376
5005, 9664-65408,0.000000,0.000000, 1322
5005, 10299-15177,23.118340,113.354200, 1322
19044, 9743-36027,0.000000,0.000000, 38933
19044, 9742-18656,0.000000,0.000000, 35500
19044, 10333-39128,0.000000,0.000000, 26626
19044, 9435-24786,0.000000,0.000000, 14488
19044, 10023-18526,0.000000,0.000000, 11768
19044, 10333-46798,0.000000,0.000000, 6800
19044, 9448-40054,23.314190,113.248110, 6370
19044, 9741-46498,0.000000,0.000000, 6192
19044, 10307-47124,0.000000,0.000000, 5228
19044, 9508-59396,23.128690,113.268300, 3400
10003, 9474-11845,23.141350,113.335080, 550763
10003, 10032-20872,0.000000,0.000000, 220149
10003, 9457-38434,0.000000,0.000000, 201784
10003, 10038-26611,23.151130,113.494770, 158149
10003, 10013-18713,23.208250,113.226770, 129247
10003, 9746-54598,0.000000,0.000000, 79580
10003, 10032-65407,0.000000,0.000000, 72512
10003, 10043-19337,23.148810,113.300770, 70030
10003, 10329-48501,0.000000,0.000000, 58729
10003, 10044-49186,23.582630,113.513670, 42795
19054, 10314-47444,0.000000,0.000000, 7012
19054, 9444-16179,0.000000,0.000000, 354
19054, 9441-36118,0.000000,0.000000, 354
19054, 9999-53023,23.169870,113.311380, 0
19054, 9999-53013,0.000000,0.000000, 0
19054, 9999-47587,23.169870,113.311380, 0
19054, 9999-44029,23.165160,113.315340, 0
19054, 9999-36928,23.170490,113.315920, 0
19054, 9999-36927,23.170490,113.315920, 0
19054, 9999-33662,23.175940,113.321670, 0
2009, 9479-26663,23.160980,113.319990, 680598
2009, 10017-11168,0.000000,0.000000, 658902
2009, 10031-39317,0.000000,0.000000, 120780
2009, 9460-65430,23.085680,113.198230, 110466
2009, 9495-23326,23.134060,113.328140, 95040
2009, 10032-17161,0.000000,0.000000, 77958
2009, 10031-20281,0.000000,0.000000, 63036
2009, 10031-39316,22.758050,113.555620, 60066
2009, 9731-41,23.192870,113.277610, 41064
2009, 9460-28382,23.085680,113.198230, 38712
19138, 9445-22437,0.000000,0.000000, 3068
19138, 9451-38125,23.136590,113.275830, 452
19138, 10037-24073,0.000000,0.000000, 354
19138, 9451-38124,23.136590,113.275830, 113
19138, 9495-23218,23.136360,113.323310, 0
19138, 9487-30724,23.145840,113.223630, 0
19138, 9481-35803,23.095630,113.262520, 0
19138, 9457-26832,23.383370,113.402310, 0
19138, 9435-24449,0.000000,0.000000, 0
19138, 10329-58863,23.153340,113.262650, 0
15001, 10320-21106,23.218680,113.257300, 25419
15001, 10306-28799,23.003060,113.265840, 7998
15001, 9481-11244,23.098410,113.250660, 6391
15001, 10032-10425,0.000000,0.000000, 6308
15001, 10036-47874,0.000000,0.000000, 5790
15001, 10015-45501,23.117640,113.543130, 5684
15001, 9745-17779,0.000000,0.000000, 5569
15001, 10027-13145,0.000000,0.000000, 5569
15001, 10039-23937,23.425000,113.498340, 5002
15001, 10027-25826,0.000000,0.000000, 3170
19098, 10008-65412,0.000000,0.000000, 1127110
19098, 10013-17964,23.216390,113.220600, 894429
19098, 9459-26246,23.129500,113.356130, 288728
19098, 9429-65409,0.000000,0.000000, 242708
19098, 10327-18784,23.149740,113.304530, 105468
19098, 10013-19521,23.219770,113.227810, 65141
19098, 10007-52117,0.000000,0.000000, 28128
19098, 9739-40003,0.000000,0.000000, 24040
19098, 10303-51502,0.000000,0.000000, 12249
19098, 10040-15257,23.189170,113.436530, 8510
6043, 9487-30724,23.145840,113.223630, 546872
6043, 9437-53257,23.134360,113.254020, 389312
6043, 9741-65409,0.000000,0.000000, 196498
6043, 10011-17698,0.000000,0.000000, 196466
6043, 10316-25904,23.131110,113.256110, 56076
6043, 9442-11472,0.000000,0.000000, 35431
6043, 10332-36113,0.000000,0.000000, 11050
6043, 9487-65400,23.144600,113.216500, 3915
6043, 10031-33375,0.000000,0.000000, 3760
6043, 10036-15678,23.234480,113.293690, 2072
19101, 10035-54792,0.000000,0.000000, 9532
19101, 10034-11852,23.123750,113.401950, 5105
19101, 10031-11597,0.000000,0.000000, 3039
19101, 9491-25287,23.099102,113.359474, 836
19101, 10023-15736,0.000000,0.000000, 456
19101, 9451-38125,23.136590,113.275830, 339
19101, 10003-25341,23.199830,113.244850, 298
19101, 10017-24358,23.120130,113.295300, 294
19101, 10321-59314,0.000000,0.000000, 200
19101, 9466-15041,23.172950,113.335180, 102
19102, 9487-28331,23.152960,113.217280, 4097
19102, 9492-28812,23.107160,113.287080, 2459
19102, 9487-41492,23.145150,113.211310, 306
19102, 10309-17662,0.000000,0.000000, 240
19102, 9425-54181,0.000000,0.000000, 236
19102, 10030-21881,23.118610,113.243300, 236
19102, 10307-65404,0.000000,0.000000, 204
19102, 10029-58744,23.117430,113.337670, 122
19102, 9729-35141,23.162370,113.342110, 0
19102, 9692-44282,0.000000,0.000000, 0
19103, 9451-38125,23.136590,113.275830, 4859
19103, 10326-35584,0.000000,0.000000, 2672
19103, 10031-65499,0.000000,0.000000, 2547
19103, 9472-29844,23.129430,113.323470, 1863
19103, 9450-23857,23.139840,113.267120, 1635
19103, 9475-28557,23.181790,113.473500, 1508
19103, 9451-38124,23.136590,113.275830, 1469
19103, 9441-18546,0.000000,0.000000, 1221
19103, 9506-20981,23.712770,113.662780, 1198
19103, 9481-11316,23.106293,113.245692, 880
6048, 10040-15257,23.189170,113.436530, 167479
6048, 9450-37077,23.152900,113.296020, 105883
6048, 10013-18021,23.206300,113.231440, 60216
6048, 9466-15078,23.177500,113.339700, 36231
6048, 9472-18044,23.131260,113.314000, 10704
6048, 10029-23557,23.102576,113.320315, 8730
6048, 9664-23575,0.000000,0.000000, 7651
6048, 10320-35414,23.212260,113.270280, 6406
6048, 9675-11817,0.000000,0.000000, 6064
6048, 10042-56711,0.000000,0.000000, 4946
19106, 9746-50865,0.000000,0.000000, 46060
19106, 9745-59625,0.000000,0.000000, 33000
19106, 9432-24767,0.000000,0.000000, 23760
19106, 10309-21331,0.000000,0.000000, 15840
19106, 9736-50835,0.000000,0.000000, 14520
19106, 9453-31621,23.134720,113.262500, 13160
19106, 9460-28382,23.085680,113.198230, 5264
19106, 9472-51005,23.129100,113.340050, 3960
19106, 9453-31502,23.134720,113.262500, 3888
19106, 9470-28194,23.146130,113.327420, 2640
6051, 9422-41001,23.187040,113.337070, 3747667
6051, 10299-55538,23.126510,113.362550, 1357600
6051, 9426-15195,23.118400,113.348670, 558278
6051, 10015-36203,23.116950,113.482910, 469360
6051, 10035-16465,23.228580,113.252150, 69124
6051, 9429-22689,0.000000,0.000000, 33696
6051, 10041-21004,23.185410,113.247780, 30992
6051, 9459-17071,23.131750,113.351690, 24602
6051, 9454-47305,23.089050,113.290840, 24339
6051, 9426-52926,23.129330,113.345020, 19239
19168, 9734-29772,23.150890,113.244410, 18585
19168, 9441-36118,0.000000,0.000000, 10369
19168, 10021-34699,0.000000,0.000000, 6844
19168, 9464-48854,0.000000,0.000000, 4469
19168, 10317-14853,23.163690,113.245420, 3304
19168, 10042-25758,23.135420,113.370720, 1694
19168, 10044-16842,23.562220,113.538880, 327
19168, 10316-31617,23.132220,113.261390, 218
19168, 9450-25949,23.143840,113.265300, 109
19168, 9998-14462,23.114396,113.242629, 0
19109, 10326-45488,0.000000,0.000000, 26112
19109, 9999-32777,23.173710,113.325070, 2517
19109, 10016-17617,23.067450,113.339570, 2078
19109, 9479-37594,23.150260,113.334490, 612
19109, 9442-34408,0.000000,0.000000, 490
19109, 9487-41492,23.145150,113.211310, 236
19109, 9452-27758,23.126160,113.283090, 236
19109, 10329-43749,23.164990,113.274110, 204
19109, 10009-41637,0.000000,0.000000, 204
19109, 9731-33252,23.207280,113.278300, 102
4006, 10299-14344,23.121160,113.359170, 235609
4006, 10021-24888,0.000000,0.000000, 79820
4006, 10032-65409,0.000000,0.000000, 47456
4006, 9466-21913,23.167050,113.336630, 41741
4006, 10003-19808,23.199830,113.244850, 30140
4006, 9472-28857,23.129710,113.333870, 28621
4006, 10039-35481,23.426140,113.491420, 28618
4006, 9457-16457,23.399180,113.372760, 20195
4006, 10318-13212,23.184370,113.238460, 18854
4006, 9444-19797,23.068825,113.293078, 13304
19111, 10317-14804,23.163530,113.251780, 23306
19111, 9734-14437,23.163150,113.229370, 8816
19111, 9450-16921,23.141800,113.271280, 4828
19111, 9728-22192,23.164440,113.236120, 3236
19111, 9734-29741,23.150490,113.246810, 2898
19111, 10014-16950,23.140119,113.231296, 1878
19111, 9470-33001,23.144260,113.316130, 1800
19111, 9731-54187,0.000000,0.000000, 1290
19111, 9728-22191,23.164440,113.236120, 1222
19111, 9461-21621,0.000000,0.000000, 1222
4008, 9457-57001,23.387860,113.351950, 294192
4008, 10306-1137,0.000000,0.000000, 144756
4008, 10312-16762,23.122778,113.239167, 111556
4008, 9492-24147,23.104590,113.298910, 62995
4008, 9492-51247,0.000000,0.000000, 31164
4008, 10299-14255,23.120310,113.365700, 26418
4008, 10303-52048,0.000000,0.000000, 19149
4008, 9475-46254,0.000000,0.000000, 14815
4008, 10307-32288,0.000000,0.000000, 12117
4008, 9430-53181,23.256670,113.249630, 10537
19151, 9664-23575,0.000000,0.000000, 45541
19151, 10023-23018,0.000000,0.000000, 11657
19151, 9500-50659,23.092188,113.279719, 3410
19151, 9447-45139,0.000000,0.000000, 2622
19151, 9741-32611,0.000000,0.000000, 690
19151, 9475-21855,23.173530,113.456000, 570
19151, 9451-38125,23.136590,113.275830, 565
19151, 9675-20979,0.000000,0.000000, 534
19151, 9462-26161,23.081690,113.272500, 510
19151, 10035-47201,23.230030,113.261160, 459
13001, 9470-23317,23.143420,113.323560, 2619196
13001, 10310-17738,0.000000,0.000000, 1077932
13001, 10323-11802,0.000000,0.000000, 1030990
13001, 9472-53957,23.124310,113.333150, 581717
13001, 10310-56679,0.000000,0.000000, 360963
13001, 10306-52321,0.000000,0.000000, 112544
13001, 9458-65460,23.093611,113.214013, 109238
13001, 10324-25128,23.541660,113.597700, 78327
13001, 10322-16186,23.309190,113.348690, 74728
13001, 9444-65464,0.000000,0.000000, 65082
19143, 10309-17662,0.000000,0.000000, 1110
19143, 10043-53434,23.141430,113.297760, 651
19143, 10026-13305,23.215890,113.372840, 583
19143, 9487-41492,23.145150,113.211310, 424
19143, 10307-34768,0.000000,0.000000, 416
19143, 10033-48682,0.000000,0.000000, 352
19143, 10015-40137,23.098970,113.536610, 236
19143, 9438-20654,23.087340,113.301050, 113
19143, 9734-10645,23.157920,113.229200, 102
19143, 9479-22931,23.154140,113.320730, 102
10028, 9470-23248,23.147670,113.322670, 102860
10028, 9500-29047,23.093090,113.276580, 87156
10028, 10042-25758,23.135420,113.370720, 12630
10028, 9495-22607,23.133700,113.325750, 6394
10028, 10303-13209,0.000000,0.000000, 1218
10028, 10037-24073,0.000000,0.000000, 961
10028, 9461-56974,0.000000,0.000000, 890
10028, 10031-33374,0.000000,0.000000, 610
10028, 9481-19697,23.096290,113.248910, 354
10028, 9444-16179,0.000000,0.000000, 354
10073, 9734-50733,23.152580,113.243610, 272423
10073, 10307-49331,0.000000,0.000000, 208997
10073, 10021-34697,0.000000,0.000000, 79359
10073, 10018-13374,0.000000,0.000000, 44698
10073, 10332-58036,0.000000,0.000000, 25020
10073, 10037-17319,0.000000,0.000000, 10796
10073, 9748-62768,23.695110,113.451170, 5419
10073, 9464-18385,0.000000,0.000000, 4665
10073, 9464-50596,0.000000,0.000000, 2745
10073, 10332-55002,0.000000,0.000000, 1499
19045, 9742-65400,0.000000,0.000000, 6988
19045, 9742-40191,0.000000,0.000000, 702
19045, 10332-12144,0.000000,0.000000, 490
19045, 10323-36594,0.000000,0.000000, 414
19045, 9451-38125,23.136590,113.275830, 339
19045, 9435-29337,0.000000,0.000000, 310
19045, 9451-38124,23.136590,113.275830, 226
19045, 10030-25608,23.117832,113.242244, 204
19045, 10312-16731,23.123840,113.232450, 98
19045, 9741-65432,0.000000,0.000000, 0
10035, 10005-26153,23.101680,113.274060, 5819
10035, 9483-25303,23.116720,113.418780, 2192
10035, 10299-46115,0.000000,0.000000, 2142
10035, 10017-53303,0.000000,0.000000, 820
10035, 10034-37691,23.124880,113.403980, 738
10035, 9487-41492,23.145150,113.211310, 644
10035, 10010-38371,0.000000,0.000000, 636
10035, 10006-17428,0.000000,0.000000, 481
10035, 9472-22213,23.130540,113.337740, 361
10035, 10035-18121,23.232080,113.264370, 212
10038, 10031-23549,0.000000,0.000000, 9421
10038, 9740-44133,0.000000,0.000000, 7140
10038, 9458-28435,23.073380,113.228170, 2902
10038, 10308-15294,0.000000,0.000000, 2801
10038, 10022-65421,0.000000,0.000000, 2073
10038, 9440-25177,23.272640,113.210220, 1293
10038, 10015-40137,23.098970,113.536610, 708
10038, 9447-52819,0.000000,0.000000, 624
10038, 9452-27758,23.126160,113.283090, 554
10038, 9487-41492,23.145150,113.211310, 408
10039, 9484-59289,0.000000,0.000000, 218773
10039, 9509-33524,23.118140,113.391920, 153979
10039, 10040-55752,0.000000,0.000000, 65196
10039, 10312-51975,23.123270,113.230420, 59391
10039, 9459-31327,23.136220,113.354930, 58628
10039, 10312-54981,23.123270,113.230420, 50849
10039, 9451-27647,23.136230,113.283160, 47436
10039, 10322-26815,23.305280,113.395560, 43935
10039, 10300-34551,0.000000,0.000000, 40654
10039, 10328-50183,0.000000,0.000000, 25191
19060, 9452-38024,23.127880,113.292780, 229388
19060, 10003-42058,23.221270,113.244510, 86948
19060, 9500-28942,23.095840,113.276210, 78394
19060, 10013-17965,23.216390,113.220600, 77549
19060, 10303-34911,0.000000,0.000000, 40934
19060, 9452-33085,23.126250,113.289590, 24910
19060, 10309-49463,0.000000,0.000000, 21382
19060, 9425-26697,23.204280,113.381640, 14207
19060, 9457-26557,23.383360,113.402310, 12873
19060, 9452-29769,23.122690,113.290100, 10817
19003, 9493-11792,0.000000,0.000000, 437452
19003, 10328-43234,0.000000,0.000000, 126922
19003, 9743-36027,0.000000,0.000000, 118055
19003, 9432-56532,0.000000,0.000000, 114780
19003, 9740-31219,0.000000,0.000000, 104756
19003, 9729-23126,23.154760,113.348560, 72666
19003, 9743-20316,0.000000,0.000000, 56974
19003, 10302-46587,23.087560,113.522450, 47704
19003, 9692-37222,0.000000,0.000000, 45384
19003, 10302-26429,23.087560,113.522450, 37088
19004, 10303-56264,0.000000,0.000000, 77426
19004, 9748-12574,23.672490,113.438620, 44096
19004, 10031-65405,0.000000,0.000000, 24456
19004, 9435-18443,0.000000,0.000000, 21815
19004, 10313-11423,23.113392,113.248109, 21084
19004, 10007-20111,0.000000,0.000000, 9018
19004, 10022-22614,0.000000,0.000000, 4858
19004, 10031-33841,0.000000,0.000000, 4681
19004, 9431-22509,0.000000,0.000000, 4185
19004, 9742-59215,0.000000,0.000000, 2641
19082, 9438-52419,23.090600,113.303220, 3234
19082, 10323-36673,0.000000,0.000000, 744
19082, 9739-53324,0.000000,0.000000, 432
19082, 10323-36594,0.000000,0.000000, 342
19082, 10029-29849,23.114900,113.336550, 330
19082, 9429-65408,0.000000,0.000000, 310
19082, 10312-26902,23.122468,113.234072, 228
19082, 9451-38125,23.136590,113.275830, 226
19082, 9746-40063,23.161110,113.198840, 118
19082, 10310-24053,0.000000,0.000000, 118
19007, 10035-47762,0.000000,0.000000, 21238
19007, 9734-50492,23.148890,113.241400, 3700
19007, 9496-49583,0.000000,0.000000, 3599
19007, 10032-39143,0.000000,0.000000, 3553
19007, 9435-18362,0.000000,0.000000, 3459
19007, 9435-18363,0.000000,0.000000, 3042
19007, 10302-40857,23.084950,113.512350, 2902
19007, 10309-11894,0.000000,0.000000, 2801
19007, 10040-15259,23.189170,113.436530, 2407
19007, 10023-51125,0.000000,0.000000, 2078
19104, 10332-34005,0.000000,0.000000, 25802
19104, 9475-26644,23.140110,113.449200, 18202
19104, 10306-1195,0.000000,0.000000, 13014
19104, 9481-11245,23.098410,113.250660, 10642
19104, 10306-52293,0.000000,0.000000, 9928
19104, 10306-1121,0.000000,0.000000, 8828
19104, 10322-26794,23.341880,113.361310, 8814
19104, 10306-1215,0.000000,0.000000, 7200
19104, 10332-55552,0.000000,0.000000, 6276
19104, 10007-24895,0.000000,0.000000, 5150
10050, 9739-40194,0.000000,0.000000, 105572
10050, 10037-17347,0.000000,0.000000, 57270
10050, 9429-65432,0.000000,0.000000, 3092
10050, 9441-36118,0.000000,0.000000, 686
10050, 9453-27153,23.134100,113.279000, 610
10050, 9464-22349,23.335830,113.520270, 157
10050, 10310-24107,0.000000,0.000000, 117
10050, 10031-65481,0.000000,0.000000, 117
10050, 9999-32777,23.173710,113.325070, 0
10050, 9509-10915,23.116680,113.395730, 0
13003, 10312-16761,23.122778,113.239167, 17804
13003, 9441-18067,23.062720,113.350550, 9007
13003, 10324-34093,23.537500,113.603340, 7316
13003, 9422-12835,23.187040,113.337070, 7169
13003, 9454-31282,23.094900,113.296000, 6789
13003, 10022-15595,0.000000,0.000000, 6366
13003, 9455-51722,0.000000,0.000000, 4785
13003, 10040-50306,0.000000,0.000000, 4273
13003, 10323-36662,0.000000,0.000000, 3264
13003, 10314-19121,23.092150,113.309901, 2347
24007, 10311-19679,23.079530,113.280300, 7752654
24007, 9441-25616,0.000000,0.000000, 671348
24007, 9472-50232,0.000000,0.000000, 108465
24007, 9435-18449,0.000000,0.000000, 101356
24007, 9741-65411,0.000000,0.000000, 95319
24007, 10314-19173,23.065950,113.311280, 77092
24007, 9452-27145,23.129370,113.291100, 75066
24007, 10318-18013,23.191660,113.226400, 71090
24007, 9510-25173,23.263880,113.300380, 70734
24007, 10032-20872,0.000000,0.000000, 69998
10055, 10307-51378,0.000000,0.000000, 732111
10055, 9473-17442,0.000000,0.000000, 373709
10055, 10320-32681,0.000000,0.000000, 273788
10055, 9438-26149,23.093030,113.303910, 259557
10055, 10309-65412,0.000000,0.000000, 231684
10055, 10325-46436,23.165080,113.343530, 98133
10055, 10039-25166,23.464950,113.525620, 56858
10055, 10315-19437,23.151340,113.249970, 46798
10055, 10009-19024,23.127780,113.260000, 34483
10055, 10022-19446,0.000000,0.000000, 24472
5004, 9438-28888,23.098430,113.303920, 54805
5004, 10326-33157,0.000000,0.000000, 46666
5004, 9442-20796,0.000000,0.000000, 21694
5004, 9731-45994,23.219130,113.288360, 9442
5004, 10035-16465,23.228580,113.252150, 4632
5004, 9441-20563,23.045500,113.367960, 3955
5004, 9509-28386,23.117370,113.405530, 3636
5004, 10024-47354,0.000000,0.000000, 3471
5004, 9444-65402,0.000000,0.000000, 3369
5004, 10027-18419,0.000000,0.000000, 3102
8011, 9489-59766,23.128460,113.251980, 15157033
8011, 9429-21964,0.000000,0.000000, 8253877
8011, 9482-24369,23.101050,113.264970, 4973920
8011, 9480-45079,0.000000,0.000000, 1972123
8011, 9469-11178,23.098220,113.317310, 1355094
8011, 9469-10705,23.095360,113.323970, 1278162
8011, 10312-16484,23.120357,113.236161, 1100729
8011, 9736-45011,23.044730,113.314730, 1080827
8011, 10016-33792,23.069820,113.331280, 1002756
8011, 9692-36428,0.000000,0.000000, 971058
13004, 9437-27492,23.137450,113.254180, 30691
13004, 10318-51257,0.000000,0.000000, 25824
13004, 10007-21164,0.000000,0.000000, 4688
13004, 10010-53382,23.082800,113.332760, 2036
13004, 9430-16307,23.262220,113.266120, 1647
13004, 9748-54554,23.698420,113.411660, 1254
13004, 9445-46021,0.000000,0.000000, 936
13004, 9742-18614,0.000000,0.000000, 871
13004, 10030-25608,23.117832,113.242244, 748
13004, 9475-21855,23.173530,113.456000, 570
22004, 10322-59017,23.312710,113.342880, 1931634
22004, 9743-36072,0.000000,0.000000, 1877239
22004, 10299-14337,23.124790,113.361670, 783535
22004, 10004-24804,23.180990,113.320300, 709844
22004, 9472-29968,23.130240,113.328930, 654836
22004, 10312-53234,23.120357,113.236161, 483066
22004, 9458-15408,23.076874,113.239003, 478508
22004, 9450-37077,23.152900,113.296020, 278479
22004, 10329-43749,23.164990,113.274110, 196773
22004, 9442-12082,0.000000,0.000000, 180702
19029, 10299-15182,23.118340,113.354200, 1264
19029, 9728-56544,23.166720,113.240470, 1220
19029, 9492-28725,23.107150,113.285150, 632
19029, 9469-36921,23.099280,113.310570, 632
19029, 9442-11472,0.000000,0.000000, 528
19029, 9484-921,23.116280,113.282600, 354
19029, 10311-49674,23.083340,113.294830, 354
19029, 9749-35884,23.092140,113.233720, 0
19029, 9747-44057,0.000000,0.000000, 0
19029, 9742-20307,0.000000,0.000000, 0
6029, 9742-18615,0.000000,0.000000, 70063
6029, 9692-13742,0.000000,0.000000, 16944
6029, 9469-26074,23.094800,113.314000, 10895
6029, 10037-65411,0.000000,0.000000, 4012
6029, 9452-57588,23.124170,113.283430, 3001
6029, 9495-11594,0.000000,0.000000, 2242
6029, 10322-31447,23.301650,113.348190, 1980
6029, 10306-57041,0.000000,0.000000, 1980
6029, 9731-45992,23.219130,113.288360, 1030
6029, 10323-32153,0.000000,0.000000, 1026
3024, 10005-29896,23.099220,113.268770, 2392
3024, 10312-16761,23.122778,113.239167, 2100
3024, 10300-23562,0.000000,0.000000, 2068
3024, 10315-25021,23.144010,113.247610, 1744
3024, 9742-19357,0.000000,0.000000, 1296
3024, 10333-34049,0.000000,0.000000, 600
3024, 9739-40194,0.000000,0.000000, 564
3024, 10314-19121,23.092150,113.309901, 404
3024, 9748-40166,23.584570,113.491360, 0
3024, 9675-24569,0.000000,0.000000, 0
19025, 10306-52293,0.000000,0.000000, 6600
19025, 9495-52654,0.000000,0.000000, 3190
19025, 9746-52201,23.170770,113.224360, 2948
19025, 9739-10771,0.000000,0.000000, 1708
19025, 10311-36214,23.079530,113.280300, 342
19025, 10308-18439,0.000000,0.000000, 342
19025, 10041-35612,23.189570,113.260620, 318
19025, 9455-34834,0.000000,0.000000, 236
19025, 9477-45191,23.328994,113.210419, 118
19025, 9441-34667,23.029310,113.339400, 110
2002, 10032-18204,0.000000,0.000000, 53593376
2002, 9739-40194,0.000000,0.000000, 10723288
2002, 10010-53376,23.085840,113.324150, 9179294
2002, 10311-43765,0.000000,0.000000, 7304663
2002, 9475-21855,23.173530,113.456000, 6895770
2002, 10042-13852,23.131360,113.377750, 6697669
2002, 10030-21881,23.118610,113.243300, 4989200
2002, 10306-65403,0.000000,0.000000, 4142401
2002, 9746-40024,23.149050,113.192040, 3560252
2002, 9472-20398,23.125690,113.328680, 3284105
25003, 9509-52396,23.118230,113.404070, 29302
25003, 9746-54135,23.162470,113.213980, 24052
25003, 10322-16215,23.309880,113.359620, 21898
25003, 10309-65410,0.000000,0.000000, 17758
25003, 9457-40422,23.397830,113.340410, 2836
25003, 9741-32624,0.000000,0.000000, 2739
25003, 9510-15781,23.261140,113.318720, 1862
25003, 10327-18742,23.154940,113.311390, 1804
25003, 9447-46551,0.000000,0.000000, 1778
25003, 9430-53182,23.256670,113.249630, 1634
2005, 10032-18204,0.000000,0.000000, 109582960
2005, 10327-19891,23.158040,113.302210, 2304096
2005, 10023-35971,0.000000,0.000000, 1203644
2005, 10042-13852,23.131360,113.377750, 1082487
2005, 10031-49389,0.000000,0.000000, 1065939
2005, 9675-65402,0.000000,0.000000, 764194
2005, 9692-12631,0.000000,0.000000, 653576
2005, 9429-65428,0.000000,0.000000, 600391
2005, 10009-19037,23.100560,113.268100, 382429
2005, 10324-51453,23.566380,113.712500, 328639
10070, 9429-30672,0.000000,0.000000, 126714
10070, 10023-14219,0.000000,0.000000, 51119
10070, 10309-22127,0.000000,0.000000, 45236
10070, 9461-48997,0.000000,0.000000, 15851
10070, 9731-18258,23.188480,113.272970, 14732
10070, 10024-53401,0.000000,0.000000, 12473
10070, 10023-35921,0.000000,0.000000, 7965
10070, 9474-49827,0.000000,0.000000, 4901
10070, 10323-23069,0.000000,0.000000, 4892
10070, 10022-19898,22.962500,113.480000, 2183
2007, 10023-15736,0.000000,0.000000, 8478523
2007, 10037-10892,0.000000,0.000000, 190851
2007, 10037-32927,0.000000,0.000000, 89849
2007, 9455-25246,0.000000,0.000000, 6852
2007, 10030-35638,23.118150,113.245470, 6003
2007, 9484-924,23.116280,113.282600, 4397
2007, 10332-13971,0.000000,0.000000, 3956
2007, 9500-30143,23.096592,113.283597, 3454
2007, 9426-15107,23.129330,113.345020, 3389
2007, 10009-37181,23.128670,113.227290, 2959
7001, 9664-23575,0.000000,0.000000, 16374807
7001, 9429-14884,0.000000,0.000000, 5912297
7001, 9506-48341,23.641190,113.632870, 5197266
7001, 10016-51129,23.069230,113.349020, 4766456
7001, 9455-54492,0.000000,0.000000, 2418702
7001, 9493-38585,23.129910,113.380660, 2037054
7001, 10322-16216,23.309880,113.359620, 1954985
7001, 9445-46021,0.000000,0.000000, 1433751
7001, 9477-12578,23.275830,113.225350, 1123035
7001, 9736-50088,0.000000,0.000000, 613508
7003, 9475-21855,23.173530,113.456000, 239882855
7003, 9426-50925,23.116620,113.353470, 1210797
7003, 9451-57516,23.142340,113.281150, 168810
7003, 10031-14613,0.000000,0.000000, 1864
7003, 10319-16121,23.275620,113.363870, 1698
7003, 9739-40194,0.000000,0.000000, 1207
7003, 10035-10585,23.234410,113.261790, 1207
7003, 9491-25294,23.100359,113.359916, 956
7003, 9479-30101,23.153540,113.343110, 925
7003, 9745-25122,0.000000,0.000000, 912
19084, 9470-58607,0.000000,0.000000, 124654
19084, 10003-17823,23.222382,113.240738, 56924
19084, 10003-57024,23.221270,113.244510, 50607
19084, 10003-43821,0.000000,0.000000, 39861
19084, 10003-43823,0.000000,0.000000, 39506
19084, 10003-12591,23.222580,113.240520, 26023
19084, 10003-43822,0.000000,0.000000, 19319
19084, 10320-12864,23.216180,113.247160, 14606
19084, 10003-17821,23.222382,113.240738, 13326
19084, 10316-52864,0.000000,0.000000, 13314
19166, 9488-29384,23.130280,113.303310, 8187
19166, 9481-52851,23.106293,113.245692, 3767
19166, 10031-23549,0.000000,0.000000, 1208
19166, 9451-38125,23.136590,113.275830, 565
19166, 10310-56678,0.000000,0.000000, 472
19166, 9487-41492,23.145150,113.211310, 424
19166, 9475-46191,23.169080,113.429270, 236
19166, 10299-33786,23.116320,113.360900, 236
19166, 10329-56968,23.175230,113.266140, 122
19166, 9451-38124,23.136590,113.275830, 113
10079, 10033-48681,0.000000,0.000000, 2461975
10079, 9999-33732,23.166660,113.318160, 3612
10079, 9741-23077,0.000000,0.000000, 2775
10079, 9434-36347,0.000000,0.000000, 2648
10079, 9741-65408,0.000000,0.000000, 2635
10079, 9447-45139,0.000000,0.000000, 2622
10079, 9734-29246,23.157570,113.230760, 2205
10079, 10302-51104,23.060710,113.522450, 2205
10079, 9508-27467,23.128200,113.266400, 2030
10079, 9477-11053,23.310860,113.195860, 1520
19085, 9437-30997,23.133180,113.255090, 32436
19085, 10022-44544,0.000000,0.000000, 12818
19085, 10009-18987,23.120830,113.237200, 612
19085, 10031-49791,0.000000,0.000000, 306
19085, 9481-11231,23.093326,113.254384, 244
19085, 9434-36353,0.000000,0.000000, 244
19085, 10009-37181,23.128670,113.227290, 244
19085, 9495-38707,23.140310,113.318630, 122
19085, 9480-53343,23.098090,113.360250, 122
19085, 9448-21777,23.277180,113.232410, 122
19041, 9731-180,23.203080,113.268820, 42826
19041, 10040-21201,23.190330,113.432860, 22860
19041, 10329-51601,23.158470,113.262870, 15096
19041, 9746-52457,23.164760,113.220350, 13150
19041, 9746-15646,23.164050,113.224450, 9764
19041, 9746-15643,23.164050,113.224450, 6676
19041, 9748-12574,23.672490,113.438620, 5188
19041, 10323-36414,0.000000,0.000000, 3658
19041, 10321-17771,0.000000,0.000000, 1062
19041, 10299-17106,23.129720,113.371090, 660
16012, 9432-22767,0.000000,0.000000, 69147
16012, 9481-52744,23.098410,113.250660, 53820
16012, 10042-33355,23.137290,113.365520, 50694
16012, 9467-65441,23.108840,113.219560, 39657
16012, 9469-26095,23.099270,113.319950, 37873
16012, 9425-52504,0.000000,0.000000, 13117
16012, 9458-65467,23.047930,113.215110, 12991
16012, 9664-23576,0.000000,0.000000, 12810
16012, 9745-17785,0.000000,0.000000, 7384
16012, 10313-52705,23.108970,113.239090, 816
10083, 10024-65403,0.000000,0.000000, 6204
10083, 10309-65413,0.000000,0.000000, 3876
10083, 9473-56854,0.000000,0.000000, 1734
10083, 9449-29139,23.410000,113.305280, 1652
10083, 9493-10851,23.125090,113.375420, 1152
10083, 10326-13439,0.000000,0.000000, 820
10083, 10017-20807,23.122170,113.304500, 671
10083, 9444-36109,0.000000,0.000000, 396
10083, 9452-57588,23.124170,113.283430, 306
10083, 10009-19002,23.127780,113.260000, 306
2020, 9464-22349,23.335830,113.520270, 5791319
2020, 10307-32289,0.000000,0.000000, 2877920
2020, 10023-15716,0.000000,0.000000, 2536735
2020, 10328-44164,0.000000,0.000000, 1923221
2020, 9444-16179,0.000000,0.000000, 1855067
2020, 9481-35771,23.093740,113.261090, 1724504
2020, 9423-51596,23.117500,113.307800, 815260
2020, 9692-22678,0.000000,0.000000, 813318
2020, 10305-12885,23.249180,113.297470, 330588
2020, 10332-31789,0.000000,0.000000, 327904
10085, 10310-18124,0.000000,0.000000, 272239
10085, 10004-38217,23.199280,113.330190, 225037
10085, 9438-19207,23.097440,113.300820, 217149
10085, 9742-50945,0.000000,0.000000, 182972
10085, 10015-48561,23.106470,113.540940, 166677
10085, 9436-29317,23.116380,113.247580, 163499
10085, 10323-36196,0.000000,0.000000, 121354
10085, 9426-41057,0.000000,0.000000, 96589
10085, 9448-12799,23.278890,113.245560, 95634
10085, 10007-21885,0.000000,0.000000, 71821
10086, 9741-34187,0.000000,0.000000, 237830
10086, 9482-44412,23.109720,113.264400, 28554
10086, 10009-19002,23.127780,113.260000, 4722
10086, 10313-45997,23.114450,113.249650, 4578
10086, 10321-38939,23.337480,113.292720, 4506
10086, 9479-14456,23.158100,113.326230, 4152
10086, 10329-34344,23.155010,113.267300, 3100
10086, 10317-16858,23.162430,113.259410, 3092
10086, 9734-51341,23.157430,113.245230, 3022
10086, 10312-16748,23.125905,113.241447, 2671
19047, 10026-40939,23.206300,113.360450, 7234349
19047, 9743-18973,0.000000,0.000000, 6109708
19047, 9422-15844,23.200900,113.360620, 3550874
19047, 9438-26166,23.089824,113.302309, 3429986
19047, 9422-33691,23.201180,113.357170, 2866349
19047, 9438-26146,23.089824,113.302309, 1043972
19047, 9425-26417,23.200830,113.388620, 14121
19047, 10009-41434,0.000000,0.000000, 7956
19047, 10022-24773,0.000000,0.000000, 5927
19047, 10325-18251,23.169610,113.351100, 3114
2024, 10009-19057,23.109430,113.264200, 11932491
2024, 9429-65428,0.000000,0.000000, 1269551
2024, 10307-47127,0.000000,0.000000, 482394
2024, 10021-59152,0.000000,0.000000, 392307
2024, 9469-12928,23.100290,113.332154, 141018
2024, 10009-19027,23.118070,113.259790, 35337
2024, 9422-56024,23.204400,113.363060, 23576
2024, 9484-29381,23.120830,113.265230, 22447
2024, 9731-45992,23.219130,113.288360, 11510
2024, 9457-48651,0.000000,0.000000, 4130
1003, 10325-16586,23.169610,113.351100, 2252673
1003, 9441-33611,0.000000,0.000000, 31999
1003, 10026-38649,23.204950,113.365960, 23392
1003, 9458-65460,23.093611,113.214013, 20028
1003, 10306-52327,0.000000,0.000000, 19980
1003, 10013-65404,23.207080,113.214290, 19260
1003, 10315-29732,23.154170,113.250640, 18939
1003, 9458-15459,23.078400,113.228804, 18292
1003, 10013-65416,23.236770,113.185790, 17000
1003, 9458-15462,23.078400,113.228804, 16636
18002, 9467-25832,23.115430,113.206870, 3015596
18002, 9464-27133,0.000000,0.000000, 2267647
18002, 10015-32121,23.115110,113.537960, 832222
18002, 10021-17748,0.000000,0.000000, 176518
18002, 9467-65416,23.111420,113.201030, 58160
18002, 9508-31979,23.120970,113.270840, 47634
18002, 9466-15078,23.177500,113.339700, 46818
18002, 10313-52685,23.112480,113.252210, 37479
18002, 10325-15743,23.165690,113.356730, 36874
18002, 10320-53113,23.213940,113.263650, 33147
2011, 10317-14859,23.158140,113.249790, 53129
2011, 9466-19422,23.174070,113.329890, 48125
2011, 9462-55709,23.086600,113.257760, 43811
2011, 10038-26632,23.178260,113.487450, 10721
2011, 10004-31654,23.178960,113.327230, 3804
2011, 10329-34244,23.162750,113.274030, 2582
2011, 10318-47221,23.175570,113.241480, 1773
2011, 10039-23942,23.414190,113.527340, 1290
2011, 9453-31502,23.134720,113.262500, 1268
2011, 10300-3484,0.000000,0.000000, 1236
10098, 9457-51192,0.000000,0.000000, 11690
10098, 10039-23994,23.433940,113.536120, 2696
10098, 10333-24326,0.000000,0.000000, 2040
10098, 9736-45584,0.000000,0.000000, 1938
10098, 10315-54295,23.148550,113.260800, 1329
10098, 9496-65503,0.000000,0.000000, 1326
10098, 10332-13971,0.000000,0.000000, 1014
10098, 9748-54554,23.698420,113.411660, 724
10098, 9466-25469,23.172580,113.340890, 714
10098, 9436-25823,23.118670,113.246720, 610
2036, 9748-16373,23.602960,113.437040, 48471
2036, 10324-28262,23.553520,113.582780, 44847
2036, 9425-15204,23.193880,113.411010, 44318
2036, 9731-17946,23.205540,113.271050, 38799
2036, 9455-21242,0.000000,0.000000, 18158
2036, 9475-22194,23.140840,113.438860, 9162
2036, 10310-28718,23.385400,113.188100, 7317
2036, 10009-10507,0.000000,0.000000, 7083
2036, 9448-16613,23.277180,113.232410, 2943
2036, 9422-56024,23.204400,113.363060, 2541
10102, 10043-18962,23.143100,113.309020, 777947
10102, 10043-18961,23.143100,113.309020, 727064
10102, 10034-30881,23.134490,113.388990, 339615
10102, 9484-53734,0.000000,0.000000, 115065
10102, 9506-12615,23.652780,113.653890, 38089
10102, 9731-33687,23.211680,113.281420, 30224
10102, 10312-16739,23.125549,113.240912, 12284
10102, 9484-29382,23.120830,113.265230, 11888
10102, 10039-28401,23.530840,113.605270, 9731
10102, 10328-43231,0.000000,0.000000, 9397
6008, 9452-57588,23.124170,113.283430, 225496596
6008, 10009-19057,23.109430,113.264200, 88318461
6008, 9441-25619,0.000000,0.000000, 60900169
6008, 9429-65428,0.000000,0.000000, 16247812
6008, 10317-11771,23.158230,113.250840, 11423148
6008, 10036-49056,23.240540,113.297560, 10930532
6008, 9508-27852,23.126230,113.269900, 7570414
6008, 9448-25188,23.270920,113.283040, 4578989
6008, 9731-41,23.192870,113.277610, 4506709
6008, 10329-40555,23.183290,113.273780, 2886501
19065, 10037-24073,0.000000,0.000000, 354
19065, 10314-29695,23.081300,113.310300, 118
19065, 10026-13305,23.215890,113.372840, 118
19065, 10300-3454,0.000000,0.000000, 114
19065, 9432-16031,0.000000,0.000000, 91
19065, 9745-25538,0.000000,0.000000, 0
19065, 9736-46031,23.038720,113.321640, 0
19065, 9729-13982,23.156390,113.340620, 0
19065, 9493-38586,23.129910,113.380660, 0
19065, 9458-65406,23.082520,113.216700, 0
11002, 10306-12755,0.000000,0.000000, 18143
11002, 9741-65407,0.000000,0.000000, 3733
11002, 9482-29697,23.104950,113.274790, 3377
11002, 9496-59877,0.000000,0.000000, 2502
11002, 9742-65450,0.000000,0.000000, 992
11002, 9451-38125,23.136590,113.275830, 678
11002, 9452-27758,23.126160,113.283090, 472
11002, 9438-19211,23.097440,113.300820, 426
11002, 9452-27168,23.127540,113.287340, 380
11002, 10044-51325,23.569730,113.575000, 352
19068, 10305-52226,23.254330,113.296730, 1464
19068, 10015-45501,23.117640,113.543130, 718
19068, 10332-12144,0.000000,0.000000, 596
19068, 9451-38125,23.136590,113.275830, 565
19068, 9459-13997,23.135520,113.353000, 515
19068, 9429-17685,0.000000,0.000000, 488
19068, 9487-41492,23.145150,113.211310, 424
19068, 10015-40137,23.098970,113.536610, 236
19068, 9481-11316,23.106293,113.245692, 220
19068, 10038-51822,0.000000,0.000000, 216
10109, 9454-37828,23.091270,113.292940, 454169
10109, 9429-17664,0.000000,0.000000, 353680
10109, 10322-59018,23.312710,113.342880, 128744
10109, 9441-18067,23.062720,113.350550, 30939
10109, 9470-33001,23.144260,113.316130, 30110
10109, 10009-19007,23.111390,113.235300, 29523
10109, 9422-15845,23.200900,113.360620, 10828
10109, 10327-33723,23.163300,113.311980, 7217
10109, 10031-39319,0.000000,0.000000, 7092
10109, 10306-65412,0.000000,0.000000, 6042
11007, 10310-15004,0.000000,0.000000, 2433
11007, 9741-50802,0.000000,0.000000, 1622
11007, 10320-23935,23.210350,113.263730, 1509
11007, 10309-17662,0.000000,0.000000, 734
11007, 10030-25608,23.117832,113.242244, 542
11007, 9486-17887,23.208680,113.267290, 456
11007, 10040-33241,23.188300,113.443000, 254
11007, 10023-53137,0.000000,0.000000, 252
11007, 10030-21881,23.118610,113.243300, 236
11007, 9487-41492,23.145150,113.211310, 204
