0,19104,19,41,1,131727,3212,26948,0,583.19,174.70,0.00,125939,3071,25802,0,419.44,174.70,0.00,6,1434,80
0,21001,21,3,1,17660,5886,7354,2982,10.18,8.46,1.36,63785,21261,36520,1592,50.41,52.39,0.89,6,51289,80
0,21003,21,6,1,16394,2732,6548,1081,13.03,6.87,0.25,27728,4621,11379,618,22.44,18.24,0.15,6,61839,80
0,21004,21,1534,1,5115544,3334,473408,0,5547.90,35.32,0.00,32247039,21021,8667985,0,10311.64,653.39,0.00,6,63742,80
0,21006,21,9,1,307429,34158,258403,1486,60.96,23.54,0.66,479912,53323,394650,940,34.10,11.41,0.24,6,46269,80
0,21007,21,3577,1,53846497,15053,384314,0,15185.93,36.14,0.00,289176204,80843,6694323,0,40253.55,204.74,0.00,6,34346,80
0,21008,21,3,1,6990,2330,3606,204,5.48,5.13,0.03,7260,2420,3771,204,4.82,4.68,0.03,6,37306,8080
0,21010,21,1,1,1583,1583,1583,1583,0.93,0.93,0.93,3555,3555,3555,3555,2.08,2.08,2.08,6,48696,80
0,6025,6,3,1,12077,4025,8133,437,0.96,0.58,0.05,12886,4295,11920,338,0.35,0.25,0.04,6,37145,12002
0,10073,10,15,1,483758,32250,242539,428,18.01,5.27,0.11,660005,44000,272423,200,12.60,4.19,0.05,6,53954,7071
0,6028,6,12,1,98747,8228,31251,102,42.94,10.84,0.13,726457,60538,410736,102,108.86,63.30,0.02,6,42943,80
0,20001,20,266537,1,1837618336,6894,2434670,0,48182058.70,854177.00,0.00,2630684182,9869,34718665,0,6402245.99,97938.70,0.00,6,40614,5287
0,20002,20,45642,1,153679257,3367,2412849,0,38224100.66,1975940.00,0.00,70583871,1546,3212076,0,658255.22,35449.10,0.00,17,16403,33937
0,7003,7,11,1,97983,8907,72168,102,20.24,4.91,0.02,1388378,126216,1210797,0,34.41,17.07,0.00,6,38811,80
0,8014,8,2,1,9537,4768,6289,3248,13.40,7.40,6.00,27471,13735,26309,1162,3.82,3.67,0.15,6,36851,80
0,10076,10,1,1,7060,7060,7060,7060,1.22,1.22,1.22,17179,17179,17179,17179,0.14,0.14,0.14,6,33732,8802
0,2013,2,3,1,4685,1561,4011,110,205.44,182.20,5.48,4868,1622,4664,102,178.54,168.95,3.21,6,30702,443
0,6049,6,2,1,4982,2491,2776,2206,9.53,8.61,0.92,2939,1469,1684,1255,5.80,5.23,0.58,6,59165,80
0,19122,19,7,1,3275,467,1775,0,112.94,106.33,0.00,2645,377,1274,0,118.68,113.35,0.00,6,1985,80
0,19001,19,323068,1,912355893,2824,576445,0,219961684.68,1460480.00,0.00,2202796273,6818,1594148,0,287459440.62,363182.00,0.00,17,61923,53
0,19003,19,16,1,175404,10962,57362,126,77.70,47.36,0.00,1054960,65935,437452,0,93.55,66.51,0.00,6,39290,5150
0,19004,19,99,1,124987,1262,23933,0,1296.12,214.90,0.00,240640,2430,77426,0,1213.04,214.90,0.00,6,1170,80
0,19006,19,1304,1,8967900,6877,180808,0,64617.97,24672.90,0.00,9490409,7277,370169,0,64043.57,24672.90,0.00,6,1025,5111
0,19007,19,17,1,44421,2613,7027,102,267.62,214.00,0.09,49948,2938,21238,0,253.10,214.00,0.00,6,6025,2059
0,19008,19,963,1,6412708,6659,225203,0,23461.97,4615.78,0.00,8088927,8399,833195,0,12290.41,4112.24,0.00,6,1026,9966
0,19009,19,2,1,17674,8837,8784,1448,45.80,66.77,0.55,1106,553,1106,0,0.21,0.32,0.00,6,42367,2
0,19010,19,1,1,114,114,114,114,0.78,0.78,0.78,228,228,228,228,1.55,1.55,1.55,6,17027,80
0,19011,19,269,1,794836,2954,59138,0,32789.26,24672.90,0.00,1472607,5474,194861,0,29374.22,24672.90,0.00,6,1050,13001
0,19012,19,1,1,0,0,0,0,0.00,0.00,0.00,1220,1220,1220,1220,5.08,5.08,5.08,17,135,15308
0,6056,6,1,1,2242,2242,2242,2242,14.24,14.24,14.24,636,636,636,636,3.13,3.13,3.13,6,47234,80
0,19014,19,3,1,1703,567,864,102,9.07,4.02,2.04,1143,381,594,109,6.80,2.43,2.18,6,2287,5111
0,19015,19,87,1,62881,722,4582,0,4644.94,2243.04,0.00,28903,332,2356,0,3821.65,2243.04,0.00,6,53169,90
0,19016,19,3041,1,9025688,2968,374296,114,814654.69,245714.00,0.00,5273190,1734,308142,0,17849.35,262.48,0.00,6,35103,7
0,10027,10,1363,1,13175929,9666,1091154,0,29902.94,9793.85,0.00,23579793,17299,2896156,0,7911.02,2243.04,0.00,6,53183,10000
0,19112,19,4,1,3819,954,1980,256,32335.01,32226.90,0.32,0,0,0,0,0.00,0.00,0.00,17,53600,1701
0,19022,19,9,1,6205,689,2692,98,228.04,209.49,0.00,4899,544,2091,0,137.61,128.72,0.00,6,2502,5111
0,19025,19,12,1,34090,2840,14172,126,18.86,7.08,0.00,15794,1316,6600,0,5.98,1.48,0.00,6,50060,99
0,18002,18,464,1,1679956,3620,149604,0,87047.04,23037.00,0.00,4253841,9167,2267647,0,9147.55,2467.34,0.00,6,46974,81
0,19028,19,7,1,10729,1532,3824,224,13.11,8.21,0.19,9010,1287,4194,114,10.26,6.59,0.00,6,50526,2450
0,19029,19,118,1,214600,1818,73920,0,80806.32,70494.00,0.00,4984,42,1264,0,18.06,7.27,0.00,17,16834,137
0,19030,19,4,1,343796,85949,286448,2124,431.90,418.44,2.87,5908365,1477091,5150429,1470,103.17,53.31,0.01,6,54190,101
0,19033,19,4,1,1768,442,864,122,36.98,20.78,0.13,1002,250,424,114,25.81,19.41,0.10,6,2382,14000
0,19034,19,4,1,17538,4384,14779,106,18.25,15.38,0.02,17718,4429,14612,102,17.43,14.80,0.02,6,8161,8811
0,19035,19,30,1,46353,1545,13978,0,259.44,106.75,0.00,20669,688,2661,0,254.89,112.90,0.00,6,2083,7022
0,19037,19,7,1,8649,1235,3900,334,254.23,215.28,0.43,6313,901,2902,220,16.46,5.74,0.31,6,2452,5111
0,19039,19,2,1,345,172,345,0,0.95,0.95,0.00,354,177,354,0,0.00,0.00,0.00,17,57347,49
0,19041,19,11,1,201904,18354,56018,122,631.86,424.41,0.00,120382,10943,42826,0,480.31,321.48,0.00,6,44928,1
0,19042,19,1,1,468,468,468,468,0.91,0.91,0.91,236,236,236,236,0.46,0.46,0.46,6,50230,94
0,19043,19,319,1,1185914,3717,114858,0,11684.38,1538.59,0.00,947975,2971,119524,0,6561.77,1370.75,0.00,6,53296,465
0,19044,19,35,1,242034,6915,56926,102,320.09,184.46,0.02,180482,5156,35500,0,309.05,184.46,0.00,6,8112,1500
0,19045,19,9,1,23070,2563,18022,212,213.63,106.06,0.15,9673,1074,6988,0,211.91,112.90,0.00,6,1998,7022
0,19098,19,19,1,321142,16902,96122,470,84.84,23.42,0.06,2819466,148392,1127110,0,364.70,124.94,0.00,6,1132,554
0,19047,19,180,1,527961,2933,216558,0,2209.45,579.05,0.00,10689268,59384,6109708,0,2109.39,515.88,0.00,6,40579,82
0,19048,19,750,1,11018070,14690,1517992,0,46709.33,10027.00,0.00,5503814,7338,233120,0,9350.39,2056.12,0.00,6,8100,6001
0,17001,17,2,1,82082,41041,74540,7542,2.24,1.65,0.58,144587,72293,116065,28522,5.81,3.23,2.57,6,53706,14000
0,17002,17,443,1,1505240,3397,172324,0,120427.98,63446.70,0.00,1890268,4266,351369,0,16590.29,2467.35,0.00,6,39870,8010
0,19051,19,414,1,1926318,4652,119138,0,45388.32,24673.70,0.00,2945030,7113,159338,0,42409.84,24673.70,0.00,6,1033,80
0,17005,17,1778,1,22159333,12463,1636404,0,193202.76,61431.50,0.00,36850499,20725,5019851,0,16800.08,14980.20,0.00,6,4471,6969
0,19054,19,362,1,409494,1131,8991,0,418494.28,56543.30,0.00,7720,21,7012,0,0.30,0.31,0.00,17,68,67
0,19056,19,666,1,2173748,3263,282520,0,10352.84,2307.90,0.00,4934477,7409,1460155,0,6789.66,2056.13,0.00,6,51871,20000
0,19057,19,7,1,12763,1823,7520,102,139.82,130.31,0.01,7933,1133,4284,0,4.80,1.64,0.00,6,2465,80
0,10055,10,30,1,768489,25616,157397,132,61.35,15.90,0.03,2225035,74167,732111,114,115.03,41.48,0.01,6,49321,8080
0,19060,19,68,1,722613,10626,202681,102,1877.29,989.10,0.00,644551,9478,229388,0,679.13,127.68,0.00,6,48022,84
0,19061,19,5,1,0,0,0,0,0.00,0.00,0.00,1994,398,610,205,0.00,0.00,0.00,17,42248,7
0,19063,19,8,1,197034,24629,95388,228,13.97,6.34,0.11,445825,55728,221512,102,7.15,2.76,0.05,6,49887,444
0,19064,19,6,1,18737,3122,12060,102,12.03,4.98,0.00,8320,1386,4686,0,8.06,3.84,0.00,6,2495,80
0,19065,19,18,1,6597,366,1080,0,94.09,35.16,0.00,795,44,354,0,52.71,19.84,0.00,17,33434,8080
0,19066,19,1,1,0,0,0,0,0.00,0.00,0.00,708,708,708,708,2.34,2.34,2.34,17,12298,389
0,19067,19,1,1,75349,75349,75349,75349,2.36,2.36,2.36,674636,674636,674636,674636,4.42,4.42,4.42,6,59683,93
0,19068,19,14,1,8698,621,2118,102,227.71,106.41,0.02,5555,396,1464,0,228.78,113.35,0.00,6,57204,1731
0,19069,19,4913,1,5874252,1195,21712,0,200857.51,61432.50,0.00,2897016,589,16386,0,23369.36,2243.04,0.00,6,48796,13
0,19072,19,7,1,7744,1106,3822,212,203.16,106.75,0.14,12058,1722,5194,204,211.91,113.46,0.00,6,1997,14000
0,16001,16,1,1,20159,20159,20159,20159,1.08,1.08,1.08,30713,30713,30713,30713,2.52,2.52,2.52,6,50441,11004
0,16002,16,4,1,103970,25992,62416,204,6.65,4.69,0.16,1398,349,782,0,1.99,1.77,0.00,6,22225,8100
0,16003,16,180,1,2379479,13219,241482,0,13835.16,5706.80,0.00,2532845,14071,240576,0,4001.89,1121.52,0.00,6,60963,8200
0,19076,19,1,1,0,0,0,0,0.00,0.00,0.00,354,354,354,354,0.00,0.00,0.00,17,2504,4089
0,16005,16,6,1,85558,14259,63426,570,70.03,52.31,0.50,6250,1041,3420,0,18.12,8.12,0.00,6,13130,7276
0,19078,19,19105,1,5708876,298,42076,0,191091.84,98.65,0.00,4035135,211,41138,0,174676.30,98.65,0.00,17,49302,123
0,19079,19,57,1,144318,2531,6554,0,1143.23,254.44,0.00,94018,1649,4233,0,288.84,77.82,0.00,6,2049,5111
0,16008,16,119,1,2421073,20345,254579,0,2303.94,2211.20,0.00,2310337,19414,347837,0,610.57,390.21,0.00,6,44502,16000
0,16009,16,538,1,6868666,12767,163685,0,30238.85,23037.00,0.00,13126902,24399,538786,0,21179.72,20435.30,0.00,6,37533,9000
0,19082,19,16,1,16667,1041,6146,212,155.16,105.48,0.01,5444,340,3234,0,121.50,112.45,0.00,17,16403,1512
0,16011,16,1411,1,6176291,4377,43038,0,839.32,14.11,0.00,7153064,5069,197080,0,245.35,15.76,0.00,6,57437,9528
0,19084,19,61,1,535842,8784,152380,0,32715.93,34417.00,0.00,480251,7872,124654,0,291.55,113.12,0.00,6,62472,2101
0,19085,19,19,1,86268,4540,36732,0,27.90,8.38,0.00,47880,2520,32436,0,21.73,10.02,0.00,6,60804,445
0,19086,19,259,1,1743940,6733,49842,99,5156.15,2895.36,0.02,14335359,55348,503064,0,2088.88,350.12,0.00,17,1039,9201
0,19053,19,179,3,3895119,21760,101779,0,1047.65,536.38,0.00,2256171,12604,58872,0,985.97,1072.76,0.00,6,1243,7022
0,19088,19,76,1,733888,9656,84499,0,711.86,241.13,0.00,530162,6975,108359,0,111.61,52.54,0.00,17,6766,3478
0,19089,19,138,1,1774814,12860,136628,0,6571.16,3071.58,0.00,1564761,11338,90993,0,1759.95,2056.12,0.00,6,54142,67
0,24003,24,2,1,354465,177232,352492,1973,15.01,14.31,0.69,5036421,2518210,5034127,2294,0.82,0.81,0.02,6,51462,80
0,19093,19,44,1,85626,1946,8705,102,1710.72,1402.26,0.01,50270,1142,5042,0,274.48,97.64,0.00,6,50855,89
0,19095,19,3,1,1859,619,963,432,7.45,3.86,0.09,868,289,428,204,3.65,1.97,0.03,6,2500,80
0,19097,19,703,1,27213336,38710,11636804,0,750.68,84.02,0.00,59811926,85080,10908904,0,1148.49,345.77,0.00,17,55000,55001
0,15002,15,1732,1,4678945,2701,53900,0,5923.28,22.74,0.00,22528805,13007,142304,0,25620.79,190.32,0.00,6,46269,80
0,19099,19,21,1,51530,2453,16014,0,870.19,486.23,0.00,689902,32852,290460,0,477.34,122.87,0.00,6,1755,80
0,19100,19,3301,1,169659379,51396,43541471,0,6341.49,116.64,0.00,793977529,240526,345349891,0,23531.53,246.92,0.00,6,51439,8801
0,19101,19,13,1,12985,998,4382,0,306.76,190.80,0.00,19267,1482,9532,0,307.70,190.80,0.00,6,1524,80
0,8001,8,1109,1,11341625,10226,551856,0,2620.37,32.86,0.00,64246770,57932,4298786,0,6615.98,246.39,0.00,6,46972,80
0,15007,15,219,1,1992719,9099,219487,0,824.02,18.48,0.00,11315143,51667,851469,98,2630.57,169.90,0.00,6,40451,80
0,15008,15,3371,1,67210234,19937,2889956,0,20566.03,33.56,0.00,314498169,93295,13712116,0,56547.57,838.20,0.00,6,41318,80
0,15009,15,863,1,6555090,7595,510032,0,2922.87,54.71,0.00,22857510,26486,1984938,0,7476.55,108.20,0.00,6,1025,80
0,19106,19,26,1,165948,6382,35626,710,386.56,35.99,0.13,179124,6889,46060,0,490.57,44.41,0.00,17,500,500
0,19107,19,192,1,290681,1513,26026,0,16355.02,13651.50,0.00,75777,394,13794,0,2673.66,2122.44,0.00,6,54873,88
0,19108,19,698,1,12179633,17449,765119,0,44958.97,12405.40,0.00,107448935,153938,7837820,0,18434.56,2467.35,0.00,6,1080,9811
0,19109,19,23,1,38758,1685,31232,118,364.11,26.25,0.18,31576,1372,26112,0,264.28,20.48,0.00,6,3128,80
0,19110,19,4282,1,33868397,7909,567964,0,383316.33,63444.60,0.00,5272033,1231,191418,0,4479.21,101.19,0.00,6,22,61435
0,19111,19,10,1,29840,2984,20964,122,6.65,2.93,0.02,31292,3129,23306,220,5.34,2.49,0.03,6,57161,1723
0,24001,24,4,1,82802,20700,44408,2819,24.90,11.21,1.54,230911,57727,112444,3270,38.18,22.66,1.79,6,34352,80
0,19114,19,1,1,741,741,741,741,0.45,0.45,0.45,868,868,868,868,0.53,0.53,0.53,6,42869,113
0,4012,4,1,1,3024,3024,3024,3024,7.12,7.12,7.12,1568,1568,1568,1568,3.69,3.69,3.69,6,53623,80
0,19116,19,8,1,10233,1279,6286,0,187.95,154.53,0.00,8448,1056,6088,0,17.42,12.67,0.00,6,2070,7022
0,14001,14,157473,1,2426151433,15406,14124201,0,754157.38,177.23,0.00,5240371726,33277,24210400,0,1093673.77,595.33,0.00,6,53638,5223
0,14002,14,191,1,16482857,86297,2274466,0,669472.69,237658.00,0.00,29821748,156134,4080140,0,629.90,110.32,0.00,6,36295,4500
0,10099,10,2,2,1920,960,597,268,8.35,5.90,1.16,1475,737,553,204,6.69,4.79,0.69,6,15030,5500
0,6051,6,12,1,193265,16105,53516,1928,22.99,4.26,0.21,2569071,214089,1357600,1988,261.24,145.84,0.21,6,42059,80
0,19152,19,7,1,2268,324,536,196,11.45,4.32,0.14,1587,226,527,102,7.92,2.51,0.07,6,2598,80
0,6009,6,7,1,11027,1575,2900,322,2.40,0.70,0.02,4362,623,2464,0,0.98,0.54,0.00,17,45355,53104
0,19136,19,1,1,0,0,0,0,0.00,0.00,0.00,610,610,610,610,0.00,0.00,0.00,17,520,31180
0,19138,19,7,1,30636,4376,22917,0,164.78,106.33,0.00,3987,569,3068,0,174.68,113.35,0.00,6,36376,1993
0,19139,19,6,1,6614,1102,3219,118,24.40,15.45,0.20,5065,844,2319,102,19.24,13.35,0.10,6,3318,5111
0,19140,19,431,1,516798,1199,8556,0,394735.36,123266.00,0.00,85094,197,25100,0,168.15,37.89,0.00,17,5353,5351
0,19141,19,10995,1,152787336,13896,859794,0,21033148.76,1539130.00,0.00,813950,74,210443,0,12796.04,13753.00,0.00,17,52850,1900
0,19143,19,10,1,7787,778,2272,122,164.52,118.14,0.03,3737,373,1110,0,138.13,109.42,0.00,6,52619,3389
0,13001,13,130,1,2352040,18092,441242,0,494.43,106.75,0.00,3911565,30088,1077932,0,391.39,112.64,0.00,17,1300,50025
0,19146,19,109,1,143137,1313,19735,0,1862.10,689.31,0.00,235086,2156,62001,0,1263.36,183.43,0.00,6,1099,9811
0,13003,13,21,1,405924,19329,248078,376,83.53,22.55,0.03,43044,2049,9007,0,136.44,75.24,0.00,17,2407,518
0,13004,13,32,1,58563,1830,25292,98,30302.74,30817.00,0.00,73968,2311,30691,0,250.25,112.62,0.00,6,1503,80
0,13005,13,54,1,1755656,32512,405695,0,712.24,139.00,0.00,1082737,20050,110975,0,381.10,85.93,0.00,17,5060,5060
0,13006,13,2738,1,9431616,3444,401498,0,8197.09,99.08,0.00,47144367,17218,5816616,0,13422.26,234.18,0.00,6,52898,80
0,19151,19,25,1,28370,1134,5604,0,2126.65,1084.68,0.00,68651,2746,45541,0,2991.21,2685.55,0.00,6,1494,80
0,13008,13,3,1,692,230,692,0,1.21,1.21,0.00,1031,343,354,323,0.57,0.57,0.00,6,22555,5111
0,19153,19,6,1,50940,8490,24464,204,3.59,2.92,0.04,80717,13452,63520,204,0.62,0.29,0.04,6,5632,14000
0,19154,19,2,1,1704,852,1084,620,3.39,1.78,1.62,1499,749,879,620,2.36,1.78,0.58,6,7323,8100
0,13011,13,290,1,9038924,31168,645474,110,977.22,13.52,0.01,8490310,29276,839921,98,381.73,9.54,0.00,6,45280,6001
0,19156,19,4,1,165924,41481,159179,627,16.53,7.33,0.58,475579,118894,453478,522,37.08,32.61,0.48,6,60767,23
0,19150,19,1,1,47802,47802,47802,47802,1.31,1.31,1.31,517863,517863,517863,517863,6.42,6.42,6.42,6,60775,74
0,19159,19,146,1,911475,6242,46899,0,16643.26,4179.38,0.00,758246,5193,47681,0,1896.52,1028.06,0.00,6,58224,5900
0,19161,19,16604,1,101579397,6117,352226,0,54753.81,23.89,0.00,100017049,6023,709633,0,32966.19,52.60,0.00,6,34210,5222
0,19164,19,6,1,1654,275,798,102,26.77,16.46,1.16,1143,190,597,102,22.39,14.73,0.60,6,37245,2427
0,19166,19,12,1,13908,1159,5997,106,216.36,106.11,0.01,15330,1277,8187,0,212.45,108.17,0.00,6,1992,80
0,19168,19,16,1,206380,12898,64650,0,15.82,3.75,0.00,45592,2849,18585,0,4.89,3.21,0.00,17,26055,8021
0,12001,12,4166,1,18881044,4532,55808,0,16395.33,42.03,0.00,257714267,61861,1176409,0,211494.90,371.39,0.00,6,45155,80
0,19170,19,20032,1,1080837025,53955,3631416,0,71204.32,1052.62,0.00,1221514175,60978,13150791,0,68486.40,1029.92,0.00,6,55567,5287
0,19171,19,5404,1,271591398,50257,28902423,0,5011.77,127.44,0.00,519350301,96104,93409468,0,5271.83,223.22,0.00,17,10777,8003
0,13009,13,3,1,3700,1233,3099,233,7.98,7.68,0.03,2320,773,2209,0,3.84,3.66,0.00,17,5829,54911
0,6012,6,459,1,14271228,31092,1153910,98,1949.56,28.75,0.01,238807694,520278,19769921,0,13222.49,480.63,0.00,6,63636,80
0,10109,10,9,1,165576,18397,68140,1359,29.47,11.02,1.03,998041,110893,454169,1275,62.38,23.54,0.29,6,36602,80
0,15001,15,18,1,120351,6686,79688,632,78.74,10.63,1.03,82040,4557,25419,634,113.91,20.63,0.23,6,41395,80
0,11001,11,3920,1,21374419,5452,1684101,0,750265.60,95873.70,0.00,34686482,8848,2955389,0,151488.95,31345.20,0.00,6,52411,993
0,8011,8,88,1,1661435,18879,381327,98,463.20,14.33,0.01,23121026,262738,8253877,0,1560.92,188.51,0.00,6,44680,80
0,11003,11,4,1,93211,23302,46554,0,2.56,1.68,0.00,183688,45922,89084,118,4.29,4.44,0.00,6,42385,109
0,11004,11,1571,1,10970985,6983,1249324,0,103941.99,56900.60,0.00,96531241,61445,18737640,0,27652.15,2243.04,0.00,6,55351,110
0,11005,11,511,1,7075232,13845,989041,102,34603.23,25680.40,0.00,7060575,13817,282436,0,7184.96,2194.72,0.00,6,49569,25
0,19103,19,30,1,37642,1254,5586,0,290.65,107.61,0.00,24389,812,4859,0,235.23,112.90,0.00,6,1854,5111
0,11008,11,141,1,2758355,19562,368863,0,515.88,31.14,0.00,4402797,31225,817404,0,663.90,16.54,0.00,6,51779,587
0,11010,11,591,1,3558209,6020,386232,0,4529.64,75.48,0.00,4167597,7051,448999,0,3417.06,41.98,0.00,6,44455,80
0,11011,11,3249,1,27895557,8585,1525292,0,24765.99,120.39,0.00,45859264,14114,5393580,0,17878.20,155.24,0.00,6,39707,80
0,11012,11,10,1,86847,8684,19492,879,97.30,18.29,2.87,197724,19772,61185,911,123.16,30.12,1.39,6,46105,80
0,11013,11,404,1,1072236,2654,50977,102,1168.89,20.67,0.03,1856997,4596,557937,0,1195.05,89.22,0.00,6,50769,80
0,11016,11,325,1,604242,1859,26783,102,1475.35,16.73,0.01,526814,1620,22389,0,1147.12,14.22,0.00,6,44745,80
0,11017,11,2,1,66546,33273,58436,8110,14.87,8.57,6.31,890597,445298,883753,6844,1.47,1.47,0.00,6,63169,80
0,19074,19,1,1,31034,31034,31034,31034,22.89,22.89,22.89,22932,22932,22932,22932,18.61,18.61,18.61,6,43647,133
0,10001,10,551,1,1741927,3161,46992,0,63625.43,42800.90,0.00,1098403,1993,27714,0,1711.95,198.98,0.00,6,40876,7788
0,10003,10,64,1,861278,13457,265841,0,903.68,211.19,0.00,1835248,28675,550763,0,445.68,124.66,0.00,6,1031,5555
0,10005,10,8189,1,13246206,1617,374300,0,1177060.69,107252.00,0.00,13244740,1617,414656,0,588927.94,24673.70,0.00,6,60026,5287
0,23001,23,448,1,1714099,3826,49853,102,3194.99,32.72,0.01,5888337,13143,1306746,0,4194.81,144.99,0.00,6,57378,80
0,10009,10,168,1,433041,2577,45946,0,1281.75,50.96,0.00,485532,2890,84316,0,1051.92,20.52,0.00,6,53341,6000
0,10011,10,367,1,8111845,22103,338228,0,1552.25,271.57,0.00,5613084,15294,263424,0,749.86,133.75,0.00,6,1024,11008
0,10012,10,2,1,975,487,527,448,2.41,1.80,0.61,1131,565,569,562,2.94,2.29,0.65,6,8363,12122
0,10015,10,1,1,59317,59317,59317,59317,3.68,3.68,3.68,119534,119534,119534,119534,10.49,10.49,10.49,6,2264,10000
0,10018,10,7153,1,33618043,4699,2288291,0,371520.31,89127.50,0.00,34860787,4873,2359435,0,105969.75,34895.20,0.00,6,47856,7000
0,10019,10,1580,1,2530399,1601,204346,0,263553.42,102723.00,0.00,3287905,2080,619587,0,25717.95,2467.35,0.00,6,43263,8888
0,10020,10,3,1,1526,508,729,122,7.86,2.78,2.41,1244,414,601,102,6.47,2.48,1.98,6,64965,9066
0,16006,16,2,2,15799,7899,11304,975,1.40,1.76,0.10,38719,19359,29765,1401,3.19,4.64,0.12,6,54161,8801
0,9001,9,893,1,11519596,12899,733135,0,5640.11,89.82,0.00,110443989,123677,18537478,0,7721.84,494.01,0.00,6,41452,80
0,9002,9,15248,1,146331474,9596,2069807,0,58504.41,53.20,0.00,1464111304,96019,34371446,0,303494.59,668.57,0.00,6,49163,80
0,9003,9,4781,1,57616550,12051,2376118,0,25664.87,26.25,0.00,375919346,78627,22650792,0,23101.35,379.13,0.00,6,56156,80
0,10028,10,22,1,152028,6910,103694,0,35.52,10.75,0.00,213876,9721,102860,0,4.89,3.39,0.00,17,49154,27018
0,10029,10,279,1,289942,1039,20320,0,1138.65,211.41,0.00,329542,1181,125680,0,709.55,49.01,0.00,6,42942,20001
0,10030,10,2,1,322,161,216,106,108.40,101.81,6.58,215,107,113,102,111.64,108.54,3.11,6,5622,8100
0,10031,10,7,1,135328,19332,66587,122,33.63,15.88,0.32,212891,30413,85923,0,26.74,13.28,0.00,6,58120,9600
0,19080,19,1,1,0,0,0,0,0.00,0.00,0.00,354,354,354,354,0.00,0.00,0.00,17,24438,119
0,10034,10,100,1,200261,2002,15652,0,255.40,64.79,0.00,183300,1833,20064,0,117.00,57.20,0.00,6,43988,9210
0,10035,10,9,1,10920,1213,3181,322,170.61,145.63,0.32,6084,676,2192,0,11.71,2.84,0.00,6,2307,5111
0,10037,10,102,1,207542,2034,30718,0,14509.48,4188.54,0.00,253747,2487,39159,0,847.63,113.46,0.00,6,1201,80
0,10038,10,17,1,36995,2176,13869,98,330.09,162.53,0.01,29368,1727,9421,102,250.58,162.53,0.01,6,2346,80
0,19081,19,19,1,32956,1734,5051,102,268.20,196.03,0.03,26191,1378,4208,102,232.43,196.03,0.03,6,2061,5111
0,10041,10,151,1,354177,2345,28256,0,986.82,107.61,0.00,903470,5983,60038,0,1802.75,114.72,0.00,6,2020,6661
0,16010,16,12,1,206482,17206,106621,106,101.69,103.44,0.11,126861,10571,67506,0,92.70,110.27,0.00,6,3039,7708
0,10048,10,4,1,35730,8932,25144,412,9.70,2.74,1.90,158972,39743,156589,0,19.40,17.05,0.00,6,26000,8100
0,10049,10,10816,1,31219303,2886,238620,0,1241794.35,61432.50,0.00,50123540,4634,4350109,0,470515.53,4112.24,0.00,6,57365,3002
0,8002,8,6588,1,188711168,28644,1194684,0,57192.52,108.60,0.00,671472174,101923,24908305,0,32989.57,261.56,0.00,6,49939,8080
0,19083,19,411,1,1905447,4636,108195,0,8366.36,2320.67,0.00,2963844,7211,163411,0,7208.16,2145.52,0.00,6,1034,14000
0,8004,8,2,1,71029,35514,69664,1365,6.32,4.12,2.19,1266016,633008,1151828,114188,184.73,183.49,1.25,17,10317,29367
0,10053,10,116,1,5028898,43352,282278,0,125.13,4.05,0.00,6788211,58519,339558,476,153.91,5.79,0.05,6,32799,30087
0,10054,10,1,1,412,412,412,412,2.00,2.00,2.00,310,310,310,310,1.51,1.51,1.51,6,27780,8100
0,8007,8,10,1,961061,96106,509377,102,58.26,12.57,0.01,16351990,1635199,8436885,102,596.55,207.99,0.01,6,4189,80
0,6029,6,17,1,49424,2907,18891,206,152.14,36.12,0.20,111453,6556,70063,0,89.32,20.38,0.00,17,51741,60507
0,16012,16,11,1,72572,6597,21544,204,20.57,4.41,0.08,238050,21640,69147,204,71.85,54.34,0.08,6,51287,8888
0,10058,10,1538,1,5631061,3661,126758,0,246027.03,61432.50,0.00,1760027,1144,139965,0,3797.34,2056.13,0.00,6,54678,9011
0,10059,10,560,1,1931091,3448,319268,0,7144.37,2056.13,0.00,2524675,4508,1039286,0,3710.76,2056.13,0.00,6,56789,9090
0,10060,10,3,1,6312,2104,5888,0,92652.96,92652.30,0.00,99,33,99,0,0.00,0.00,0.00,17,5829,1510
0,12002,12,3511,1,81343130,23168,1008969,0,43019.16,182.75,0.00,14506926,4131,326884,0,15331.56,127.34,0.00,6,44852,80
0,10062,10,800,1,2257339,2821,346918,0,55799.26,16448.80,0.00,616831,771,352632,0,32520.43,16448.80,0.00,6,39311,9007
0,5005,5,20,1,44573,2228,8021,719,90.59,16.99,0.34,149618,7480,67650,906,149.12,34.87,0.21,6,59191,80
0,8016,8,16,1,459713,28732,118034,196,102.57,21.65,0.04,101310,6331,16232,188,23.73,10.27,0.00,6,50755,80
0,10065,10,4,1,253482,63370,251463,106,16.83,13.12,0.04,196220,49055,193818,102,14.16,12.63,0.05,6,6414,8100
0,10066,10,4592,1,10970394,2389,797398,0,339715.22,61430.50,0.00,10381786,2260,793654,0,113202.45,6168.38,0.00,6,44407,15000
0,10068,10,6,1,21507,3584,14292,200,6.89,3.88,0.03,12428,2071,6004,114,4.55,1.94,0.03,6,1949,14200
0,10069,10,5,1,36757,7351,21847,318,7.76,4.63,0.36,31220,6244,20022,424,1.88,0.48,0.03,6,55599,9501
0,10070,10,36,1,107706,2991,41561,0,88.92,19.19,0.00,299351,8315,126714,0,67.84,15.95,0.00,6,10632,5228
0,10071,10,133,1,4871722,36629,768044,0,737.42,239.64,0.00,12484316,93867,1615651,0,886.56,135.16,0.00,6,60576,30000
0,10072,10,1,1,318,318,318,318,0.39,0.39,0.39,416,416,416,416,0.50,0.50,0.50,6,30800,80
0,7001,7,126,1,2350659,18656,763580,0,495.02,63.74,0.00,45319217,359676,16374807,0,3052.62,397.34,0.00,6,49627,80
0,19087,19,3,1,105598,35199,38032,31668,0.16,0.05,0.05,0,0,0,0,0.00,0.00,0.00,17,1024,514
0,7004,7,347,1,24026517,69240,5886435,103,488051.74,453220.00,0.00,93590544,269713,16901224,0,1195.73,52.63,0.00,17,62963,8800
0,6006,6,2,1,8373,4186,8271,102,3.20,2.50,0.70,7124,3562,6920,204,1.41,1.40,0.02,6,50061,16800
0,10078,10,420,2,9337261,22231,213388,0,1274.03,301.80,0.00,4376883,10421,104985,0,624.17,158.52,0.00,6,38635,7777
0,10079,10,22,1,836441,38020,791026,106,308.89,119.05,0.00,2491975,113271,2461975,0,144.45,110.27,0.00,6,3733,80
0,10080,10,87,3,2369459,27235,171819,0,699.59,137.08,0.00,1294762,14882,90839,0,506.68,127.13,0.00,6,6191,2000
0,10083,10,14,1,28650,2046,11868,0,16.87,7.86,0.00,17313,1236,6204,0,12.54,6.42,0.00,6,1024,7880
0,10084,10,9161,1,5183447,565,107916,0,577010.51,59417.00,0.00,3594431,392,61273,0,43491.31,96.90,0.00,17,20066,80
0,10085,10,25,1,827001,33080,144849,106,35.39,3.63,0.00,1372739,54909,272239,0,44.84,9.84,0.00,6,35261,29000
0,10086,10,76,1,394233,5187,203588,0,4858.96,2769.47,0.00,338542,4454,124072,0,504.76,113.12,0.00,6,1236,7022
0,10088,10,3,1,194138,64712,124990,32091,4.99,2.12,1.13,677846,225948,330840,157603,3.25,2.35,0.19,6,57259,9018
0,10091,10,17,1,597790,35164,413645,134,140.48,103.55,0.02,555276,32663,348100,0,40.05,26.23,0.00,6,7007,5500
0,10092,10,7,1,14188,2026,4214,102,49.22,13.15,1.44,9697,1385,3130,114,16.20,5.70,0.64,6,2592,5111
0,10097,10,9522,1,25744570,2703,1211101,0,1562191.21,163823.00,0.00,32425900,3405,3746442,0,662097.54,64705.50,0.00,6,50000,8080
0,10098,10,36,1,62870,1746,15915,0,2439.34,2243.04,0.00,23948,665,11690,0,161.10,111.13,0.00,6,33377,8866
0,6035,6,1,1,282,282,282,282,0.11,0.11,0.11,0,0,0,0,0.00,0.00,0.00,17,53476,33434
0,10101,10,2,1,310,155,204,106,105.97,105.90,0.07,317,158,204,113,112.97,112.90,0.07,6,51603,6816
0,10102,10,13,1,917445,70572,379510,0,22.54,6.09,0.00,1733301,133330,777947,0,21.63,6.03,0.00,6,5817,9001
0,2025,2,3,1,8486,2828,7272,388,6.59,5.77,0.00,50224,16741,50224,0,2.71,2.71,0.00,17,22508,7600
0,6008,6,105,1,21674242,206421,6485408,98,303.89,36.95,0.01,229092207,2181830,88318461,0,358.89,60.37,0.00,6,51728,6240
0,10105,10,11858,1,99949354,8428,364894,0,2066646.83,98290.70,0.00,112931778,9523,821544,0,257565.40,12336.90,0.00,6,52023,8002
0,10107,10,441,1,4239168,9612,139200,0,6786.52,249.91,0.00,3854001,8739,723353,0,2936.29,151.51,0.00,6,56452,5500
0,10108,10,5,1,52016,10403,37503,714,25.92,10.95,0.09,334304,66860,291402,2633,57.28,27.24,0.24,6,58516,80
0,6013,6,7,1,3781,540,1108,102,6.05,2.33,0.02,1710,244,676,0,3.10,1.31,0.00,6,50106,3902
0,10110,10,6,1,389987,64997,364886,102,30.64,12.43,0.03,3591786,598631,3504909,102,34.81,19.45,0.03,6,59125,80
0,10111,10,565,1,8340129,14761,467344,0,2527.58,58.64,0.00,41680825,73771,6818602,0,3851.00,147.01,0.00,6,55751,80
0,10112,10,28,1,1134436,40515,239679,1073,146.88,13.03,0.36,8875858,316994,2378744,2071,584.84,266.94,0.53,6,52724,80
0,10113,10,2,1,78334,39167,64958,13376,10.45,5.90,4.54,490415,245207,409788,80627,32.83,31.54,1.29,6,58744,80
0,10114,10,4,1,44339,11084,34264,204,2.41,0.96,0.03,229872,57468,189545,204,11.24,7.10,0.03,6,39475,80
0,1003,1,56,1,539022,9625,79929,190,1350.63,260.98,0.00,304751,5441,31999,0,400.40,76.75,0.00,17,15651,9200
0,10118,10,1269,1,20942683,16503,977236,0,4076.11,45.55,0.00,27445787,21627,2697250,0,3221.92,56.85,0.00,6,46051,80
0,6023,6,5393,1,55869007,10359,8452511,0,8923.74,75.63,0.00,344201609,63823,121377467,0,16047.31,376.50,0.00,6,49083,8802
0,6024,6,8,1,12410,1551,2628,822,34.47,8.41,0.87,10445,1305,2337,850,29.50,9.31,0.77,6,50502,80
0,5001,5,125,1,704534,5636,53220,196,341.45,20.39,0.05,2638381,21107,506516,98,760.84,83.90,0.00,6,44070,80
0,5002,5,37372,1,1090673363,29184,2349436,0,359385.48,158.39,0.00,4107414994,109906,23464269,0,372584.06,735.07,0.00,6,47764,80
0,5003,5,30760,1,227277297,7388,2787063,0,108400.97,192.86,0.00,635385549,20656,10291536,0,196372.61,434.92,0.00,6,56321,80
0,5004,5,13,1,47445,3649,11797,102,32.82,11.08,0.01,92018,7078,46666,102,27.63,14.99,0.00,6,1804,80
0,10050,10,14,1,59203,4228,15660,131,92706.28,92652.30,0.00,167011,11929,105572,0,34.92,13.69,0.00,17,9008,8822
0,6031,6,3,1,19604,6534,16383,447,5.36,2.88,0.17,12366,4122,10368,319,3.16,1.65,0.09,6,5598,10000
0,26001,26,164,1,564636,3442,55149,517,1281.75,23.07,0.11,987581,6021,142153,204,1138.15,72.43,0.03,6,53749,80
0,26002,26,728,1,1500739,2061,20780,0,2473.59,15.67,0.00,7436458,10214,229891,0,9572.95,334.52,0.00,6,42431,80
0,26003,26,11936,1,148075929,12405,1313694,0,72739.71,89.41,0.00,767361820,64289,8888974,0,132364.08,490.50,0.00,6,35137,80
0,6037,6,216,1,1511397,6997,362058,98,1011.11,50.39,0.01,4447187,20588,1366357,98,1688.12,108.94,0.01,6,49927,80
0,6038,6,318,1,27910587,87769,2885088,0,2509.17,70.35,0.00,638287302,2007192,75535779,0,36323.08,1348.09,0.00,6,60084,80
0,6039,6,1320,1,19078213,14453,1428180,0,147348.46,123534.00,0.00,4268272,3233,470693,0,3510.48,1233.42,0.00,17,25544,6979
0,6040,6,6,1,160786,26797,86343,456,320.17,275.64,0.11,98715,16452,45248,244,276.88,247.43,0.02,17,49632,458
0,6041,6,185,1,1008223,5449,67239,98,461.07,12.87,0.01,8991881,48604,1180695,0,2619.60,125.17,0.00,6,38624,80
0,6042,6,1403,1,9412406,6708,701159,0,4936.00,37.02,0.00,84791739,60436,9457564,0,13047.43,406.07,0.00,6,1111,80
0,6043,6,16,1,113117,7069,29068,879,51.27,9.21,0.34,1413727,88357,546872,522,430.84,142.17,0.00,6,10676,80
0,6045,6,3951,1,15474366,3916,173259,0,21789.15,35.60,0.00,66094252,16728,1574016,0,20591.90,262.93,0.00,6,57110,1863
0,8005,8,2,1,2497,1248,1311,1186,13.67,7.88,5.80,1455,727,833,622,8.05,5.01,3.04,6,35434,80
0,6048,6,22,1,80223,3646,17519,580,94.18,14.63,0.14,388552,17661,167479,420,188.96,74.98,0.05,6,59055,80
0,4001,4,599,1,20243644,33795,731603,0,3099.41,28.09,0.00,64332376,107399,3813939,0,3430.52,112.56,0.00,6,48837,80
0,4002,4,3587,1,55345356,15429,2540258,0,11484.72,43.61,0.00,179012270,49905,2400190,0,28423.37,248.75,0.00,6,45483,80
0,4003,4,952,1,18403957,19331,443711,0,4290.29,31.10,0.00,68460457,71912,1217685,0,10025.81,95.06,0.00,6,51464,80
0,4004,4,7,1,400951,57278,209357,1651,57.66,16.15,3.60,991368,141624,511716,2671,250.01,111.49,5.83,6,40074,80
0,8006,8,2,1,20085,10042,16831,3254,9.30,7.65,1.65,159505,79752,157806,1699,33.37,32.37,1.00,6,40513,80
0,4006,4,12,1,154687,12890,86428,2028,45.70,10.30,0.57,569542,47461,235609,2391,153.25,49.84,0.01,6,49362,80
0,4008,4,11,1,208209,18928,64621,1791,55.46,13.40,0.38,729823,66347,294192,942,147.36,40.66,0.03,6,35034,8080
0,6057,6,4262,1,57268986,13437,873003,0,29496.43,87.50,0.00,309491104,72616,13965529,0,27948.34,1268.70,0.00,6,53806,80
0,25002,25,488,1,2607347,5342,74618,0,1161.73,35.19,0.00,6645693,13618,422270,0,2065.90,174.67,0.00,6,37545,80
0,25003,25,25,1,51691,2067,6695,1036,127.70,12.20,1.46,74785,2991,29302,799,118.79,18.94,0.69,6,54079,80
0,25004,25,4977,1,100037153,20099,1866424,0,25389.04,39.61,0.00,337614736,67834,12282117,0,53707.95,115.53,0.00,6,34141,80
0,25005,25,2833,1,6303742,2225,66565,0,18538.15,31.94,0.00,7209576,2544,103309,0,17083.97,112.47,0.00,6,57264,80
0,25006,25,32500,1,756744073,23284,2221447,0,307387.68,135.00,0.00,2735243363,84161,22196446,0,345273.30,730.48,0.00,6,60496,80
0,4016,4,1,1,5110,5110,5110,5110,1.89,1.89,1.89,18144,18144,18144,18144,0.28,0.28,0.28,6,45765,80
0,10039,10,23,1,299275,13011,99878,102,304.34,106.75,0.02,536937,23345,153979,0,306.60,113.80,0.00,6,36752,2008
0,19102,19,25,1,32914,1316,7198,122,132639.78,122865.00,0.00,7900,316,4097,0,15.26,4.61,0.00,6,3306,80
0,19017,19,1,1,0,0,0,0,0.00,0.00,0.00,610,610,610,610,0.00,0.00,0.00,17,79,11750
0,22004,22,38,1,843093,22186,180432,102,127.53,11.45,0.03,7661739,201624,1931634,102,598.87,111.48,0.03,6,45355,80
0,3003,3,111,1,36529,329,7446,0,135.00,20.17,0.00,62095,559,7178,0,94.95,9.14,0.00,6,56582,5222
0,3004,3,183,1,2392708,13074,168345,0,977.61,353.97,0.00,3764121,20568,188212,0,463.83,142.67,0.00,6,46414,6666
0,8010,8,6,1,39703,6617,13432,1762,15.08,4.24,0.89,95981,15996,42554,3394,44.00,21.72,1.69,6,57202,80
0,3006,3,2440,1,5084752,2083,568700,0,253751.34,109216.00,0.00,4450391,1823,371302,0,90929.78,2243.04,0.00,6,41411,1863
0,3007,3,10,1,23305,2330,12459,504,197.39,163.24,0.20,49892,4989,41951,0,17.76,6.21,0.00,6,55779,2451
0,3008,3,2,1,720,360,366,354,1.36,1.05,0.32,0,0,0,0,0.00,0.00,0.00,6,13223,8080
0,3009,3,78566,1,2090422513,26607,32500041,0,1066802.82,59416.40,0.00,3187137532,40566,477477924,0,596590.54,55389.50,0.00,6,58233,14000
0,24002,24,9,1,573351,63705,173772,4068,66.60,20.54,1.37,2902780,322531,948541,14284,124.43,37.10,0.93,6,34814,80
0,3011,3,187856,1,3669178073,19531,7401419,0,40506384.95,1965210.00,0.00,5602711221,29824,4465822,0,5572587.02,155783.00,0.00,6,43382,14000
0,3012,3,157,1,1925947,12267,77790,204,166.00,14.42,0.03,2370567,15099,140578,122,99.80,11.82,0.00,6,49930,16000
0,3013,3,9335,1,193442777,20722,2619710,0,55924.65,69.84,0.00,185732143,19896,2608540,0,30542.79,43.35,0.00,6,51719,5287
0,24006,24,1,1,1946,1946,1946,1946,2.47,2.47,2.47,7956,7956,7956,7956,0.76,0.76,0.76,6,53589,80
0,24007,24,137,1,1850982,13510,753284,102,612.99,21.62,0.02,10902847,79582,7752654,102,1715.49,88.44,0.01,6,35059,80
0,3016,3,1097,1,4259352,3882,121832,0,2913.44,36.39,0.00,4181118,3811,246616,0,1882.01,51.22,0.00,6,53086,80
0,3017,3,106,1,1089247,10275,66549,0,895.36,174.10,0.00,872687,8232,77064,0,338.79,69.76,0.00,6,49304,5050
0,3018,3,174087,1,2389905280,13728,4116532,0,1340312.50,187.20,0.00,6238097672,35833,14652802,0,968861.29,519.49,0.00,6,51670,8080
0,3020,3,108,1,585253,5419,64728,98,243.04,12.95,0.01,2429833,22498,533268,0,706.76,62.58,0.00,6,52480,8080
0,3021,3,2317,1,14466426,6243,257851,0,12767.82,24.60,0.00,19279939,8321,1180943,0,12970.33,116.98,0.00,6,43436,80
0,8013,8,7,1,21207,3029,4004,2037,18.79,6.12,0.34,34740,4962,7636,1919,24.91,7.10,1.27,6,1073,80
0,3024,3,15,1,20774,1384,3438,150,3.44,0.58,0.00,5256,350,2392,0,0.83,0.33,0.00,17,15005,39563
0,2001,2,3,1,7100,2366,3024,1150,2.95,2.54,0.15,35003,11667,33059,228,28.92,28.67,0.02,6,38884,80
0,2002,2,255,1,13964014,54760,2875598,0,889.71,212.02,0.00,120562703,472794,53593376,0,1283.58,188.54,0.00,17,6200,8822
0,2003,2,26025,1,655126729,25172,4899777,0,103751.48,216.97,0.00,10394635376,399409,100122047,0,811430.56,1311.99,0.00,6,53022,80
0,2004,2,347,1,3716036,10709,500434,102,74321.11,76940.70,0.01,4592968,13236,1142896,98,616.48,27.07,0.00,6,57076,80
0,2005,2,65,1,13629363,209682,10836306,125,232.46,26.76,0.02,119399720,1836918,109582960,0,883.39,187.96,0.00,6,49944,443
0,3030,3,84,1,424347,5051,29829,0,361.22,22.75,0.00,705211,8395,91021,230,482.46,63.21,0.01,6,37746,80
0,2007,2,1862,1,1031522,553,144787,0,131010.44,769.70,0.00,9208696,4945,8478523,0,114406.01,671.39,0.00,17,45529,9000
0,2008,2,3,1,298,99,103,92,0.00,0.00,0.00,0,0,0,0,0.00,0.00,0.00,17,36642,6677
0,2009,2,269,1,1481249,5506,56024,119,62.47,17.30,0.00,2192991,8152,680598,0,32.10,15.34,0.00,17,49711,46710
0,2011,2,7,1,72358,10336,34666,446,3.13,1.34,0.03,106311,15187,43811,226,2.74,1.83,0.02,6,1210,9300
0,11002,11,27,1,23593,873,9623,98,1426.07,1121.52,0.00,30833,1141,18143,0,1439.46,1121.52,0.00,6,1352,80
0,2015,2,4230,1,50000989,11820,529493,0,77419.22,28198.50,0.00,37980030,8978,1413908,0,2339.74,114.25,0.00,6,49670,443
0,2016,2,217,1,2978184,13724,112499,0,701.82,23.48,0.00,6139109,28290,303000,0,1309.01,105.94,0.00,6,58442,8080
0,2019,2,1,1,15104,15104,15104,15104,0.04,0.04,0.04,416,416,416,416,0.00,0.00,0.00,17,1025,8140
0,2020,2,58,1,652901,11256,123478,110,4657.75,3956.39,0.02,18626645,321149,5791319,110,1678.42,138.78,0.00,17,7000,5230
0,2021,2,187,1,4202960,22475,1612132,0,304.37,12.40,0.00,10378763,55501,2347233,0,1106.20,163.99,0.00,6,49407,24130
0,2024,2,24,1,1363546,56814,772048,127,711959.29,829575.00,0.05,14300196,595841,11932491,0,307.35,99.10,0.00,17,30876,8000
0,1001,1,145,1,1849187,12753,556855,102,1065.57,430.56,0.00,12962610,89397,2684914,0,2368.16,800.20,0.00,6,56525,36041
0,1002,1,370764,1,19028991160,51323,8242180,0,294205676.08,6237110.00,0.00,73977954488,199528,118515929,0,18422415.55,273798.00,0.00,6,51862,80
0,2027,2,6590,1,397842947,60370,18996378,0,50592.96,177.54,0.00,308761528,46853,14524035,0,41493.21,891.91,0.00,6,37498,80
0,19026,19,5,1,2063,412,610,122,1160.78,1370.75,0.00,514,102,318,0,13.92,16.01,0.00,6,52317,86
0,10007,10,7,1,92879,13268,54330,249,15.22,5.52,0.31,154122,22017,88354,145,11.28,3.80,0.23,6,10200,16660
0,22001,22,13094,1,165080119,12607,1595237,0,61235.78,44.31,0.00,579786134,44278,8014781,0,57507.33,170.62,0.00,6,57499,80
0,22002,22,454,1,2147337,4729,173255,0,2569.34,21.02,0.00,4334949,9548,539220,0,2194.98,52.24,0.00,6,40887,80
0,22003,22,112,1,771778,6890,42437,480,452.32,16.30,0.06,2484269,22180,212546,0,1057.46,107.11,0.00,6,59882,80
0,2036,2,43,1,132551,3082,40472,0,2806.01,2271.29,0.00,177571,4129,44847,0,2643.42,2099.87,0.00,6,1214,7022
0,22005,22,65,1,556098,8555,61850,102,404.98,21.42,0.01,1061858,16336,161917,0,332.13,17.91,0.00,6,53780,80
0,22006,22,55,1,569974,10363,104576,196,303.14,34.84,0.02,3023879,54979,647914,98,1031.43,209.97,0.01,6,49506,80
0,25001,25,346,1,3014631,8712,107568,0,1322.77,25.77,0.00,9863123,28506,543755,0,3468.53,90.83,0.00,6,48192,80
0,11007,11,11,1,13128,1193,3361,118,66.46,16.73,0.21,8446,767,2433,102,39.84,14.46,0.14,6,3264,5111
0,4010,4,6,1,48744,8124,16400,3430,7.87,3.97,0.42,139599,23266,73833,3104,19.32,13.39,0.58,6,35331,80
1,19104,19,6,2,11306,1884,3947,0,2.78,4.75,0.00,20108,3351,8010,94,1.96,3.00,0.00,6,1434,14000
1,21001,21,1,1,6347,6347,6347,6347,1.98,1.98,1.98,10837,10837,10837,10837,5.83,5.83,5.83,6,54152,80
1,21003,21,1,1,14910,14910,14910,14910,22.02,22.02,22.02,40578,40578,40578,40578,30.98,30.98,30.98,6,36336,80
1,21004,21,213,1,562237,2639,28410,102,590.49,19.53,0.01,1853706,8702,446698,0,1216.66,72.51,0.00,6,49309,80
1,21007,21,687,1,9414342,13703,480844,98,2593.19,25.00,0.01,47960200,69811,7072348,0,7055.40,204.09,0.00,6,47307,80
1,21008,21,1,1,10966,10966,10966,10966,11.27,11.27,11.27,24179,24179,24179,24179,17.54,17.54,17.54,6,58620,80
1,10073,10,3,1,4829,1609,2204,844,1.40,0.77,0.25,1798,599,1246,0,0.08,0.06,0.00,6,7071,8881
1,19081,19,2,1,1209,604,1209,0,0.18,0.18,0.00,518,259,416,102,0.06,0.06,0.00,6,2061,80
1,20001,20,38245,2,336662540,8802,2046406,0,4601007.77,491428.00,0.00,410633922,10736,2989508,0,786651.59,121227.00,0.00,6,53471,5228
1,20002,20,8370,2,30423154,3634,418886,0,4108800.16,1337670.00,0.00,13326567,1592,1005764,0,952026.91,813886.00,0.00,17,40625,8080
1,6049,6,1,1,3376,3376,3376,3376,0.69,0.69,0.69,4566,4566,4566,4566,0.93,0.93,0.93,6,42355,80
1,19079,19,1,1,368,368,368,368,143.42,143.42,143.42,0,0,0,0,0.00,0.00,0.00,17,5829,2049
1,19001,19,43249,2,168631050,3899,611660,0,26066651.66,1714620.00,0.00,400725849,9265,964215,0,35277463.98,150056.00,0.00,17,13940,53
1,19003,19,5,1,32614,6522,17674,530,6.00,3.71,0.20,240306,48061,126922,0,39.00,24.33,0.00,6,45268,5150
1,19004,19,2,1,2453,1226,2335,118,21.05,19.58,1.47,1672,836,1574,98,17.26,16.26,0.99,6,1170,14000
1,19006,19,331,2,4928114,14888,87850,0,1490.69,204.32,0.00,3443956,10404,206604,0,1254.64,204.32,0.00,6,1025,12000
1,19007,19,1,3,5276,5276,4810,182,7.99,23.92,0.02,3450,3450,3042,102,0.16,0.42,0.01,6,2020,2059
1,19008,19,220,2,2302168,10464,66471,0,1614.03,214.45,0.00,1614541,7338,82008,0,1355.62,214.45,0.00,6,1026,80
1,19011,19,47,1,220208,4685,22372,0,1814.46,217.63,0.00,247752,5271,44910,0,1476.81,217.63,0.00,6,1050,80
1,19012,19,1,1,0,0,0,0,0.00,0.00,0.00,354,354,354,354,0.00,0.00,0.00,17,135,9498
1,19015,19,11,1,2447,222,448,0,360.65,191.00,0.00,1570,142,318,0,275.79,101.20,0.00,6,36298,90
1,19016,19,624,1,1494676,2395,196298,110,179571.91,158452.00,0.00,877136,1405,163404,0,3454.03,119.83,0.00,6,33925,7
1,10027,10,139,1,800181,5756,281786,0,7342.44,7370.00,0.00,1537279,11059,692989,0,1756.09,2243.04,0.00,6,49861,10017
1,3003,3,17,1,2630,154,1078,0,25.88,9.16,0.00,7683,451,1072,134,18.97,7.96,0.00,6,59959,5222
1,19025,19,1,1,220,220,220,220,2.68,2.68,2.68,118,118,118,118,1.44,1.44,1.44,6,49591,99
1,18002,18,94,1,376738,4007,100746,0,2253.20,1629.10,0.00,3269324,34780,2290050,0,1635.10,1451.38,0.00,6,53041,81
1,19029,19,15,1,6430,428,990,272,6191.77,8560.16,0.00,0,0,0,0,0.00,0.00,0.00,17,16834,137
1,19035,19,3,1,3096,1032,2860,0,3.50,3.32,0.00,37624,12541,36798,354,43.04,42.68,0.00,17,1813,30736
1,19037,19,1,1,534,534,534,534,0.98,0.98,0.98,318,318,318,318,0.59,0.59,0.59,6,50694,2452
1,19041,19,1,1,837,837,837,837,0.14,0.14,0.14,660,660,660,660,0.11,0.11,0.11,6,1,7100
1,19043,19,62,1,265359,4279,25478,0,3180.48,3241.54,0.00,291747,4705,28373,0,735.47,127.76,0.00,6,58654,465
1,19044,19,4,1,3186,796,1760,118,27.55,26.91,0.12,1556,389,918,0,21.56,21.44,0.00,6,1500,80
1,19045,19,1,1,118,118,118,118,27.92,27.92,27.92,98,98,98,98,23.19,23.19,23.19,6,1998,8888
1,19098,19,2,1,610,305,366,244,0.40,0.32,0.08,0,0,0,0,0.00,0.00,0.00,6,45288,554
1,19047,19,24,1,16552,689,2304,98,126.23,73.07,0.02,12258,510,1454,0,120.90,67.09,0.00,6,60305,82
1,19048,19,113,2,892746,7900,191500,0,7908.11,9284.02,0.00,366126,3240,30076,0,1169.50,1542.09,0.00,6,6001,7275
1,17002,17,66,1,280756,4253,18735,0,862.29,395.64,0.00,341780,5178,45108,0,729.64,338.09,0.00,6,48794,8010
1,19051,19,128,2,1806559,14113,94233,0,998.39,727.21,0.00,1076480,8410,43540,0,617.08,171.20,0.00,6,1033,80
1,19053,19,445,9,23903248,53715,148632,0,252.51,206.68,0.00,13798084,31006,62757,0,115.49,191.65,0.00,6,1234,2000
1,19054,19,45,1,52417,1164,3033,674,6656.49,6478.88,1.23,0,0,0,0,0.00,0.00,0.00,17,68,67
1,19056,19,73,1,173233,2373,38837,0,199.04,96.18,0.00,318844,4367,212414,0,56.00,5.65,0.00,6,36248,20000
1,19060,19,10,1,2230,223,684,114,65.73,10.47,0.02,816,81,102,0,54.80,8.75,0.00,6,51460,84
1,19061,19,1,1,0,0,0,0,0.00,0.00,0.00,229,229,229,229,0.00,0.00,0.00,17,1792,7
1,19065,19,1,1,1204,1204,1204,1204,0.43,0.43,0.43,0,0,0,0,0.00,0.00,0.00,17,43184,33434
1,19069,19,1171,1,2041562,1743,34278,0,6654.30,424.41,0.00,993014,848,25129,0,2888.45,321.48,0.00,6,33110,13
1,19072,19,1,1,118,118,118,118,30.01,30.01,30.01,98,98,98,98,24.92,24.92,24.92,6,1997,8888
1,16003,16,19,1,97701,5142,28654,0,63.51,7.80,0.00,221967,11682,71366,94,52.82,14.02,0.00,6,33178,8200
1,19078,19,2736,1,737316,269,7176,0,27140.78,35.51,0.00,550032,201,5900,0,25256.78,35.51,0.00,17,44241,123
1,24001,24,3,1,29190,9730,12926,5267,7.36,3.83,1.13,147129,49043,137461,3921,31.99,30.01,0.75,6,55500,80
1,16008,16,24,1,191075,7961,44879,0,24.04,9.74,0.00,202277,8428,49230,0,15.64,4.61,0.00,6,40657,16000
1,16009,16,72,2,676605,9397,100053,0,6223.77,12336.80,0.00,1656293,23004,252346,0,159.07,87.95,0.00,6,54269,9000
1,16010,16,4,1,28819,7204,15580,122,0.46,0.31,0.00,20174,5043,10665,0,0.13,0.05,0.00,6,7709,2052
1,16011,16,312,2,1409573,4517,28511,0,131.19,16.65,0.00,1464829,4694,32254,0,46.23,9.48,0.00,6,55174,9528
1,19084,19,3,1,1029,343,687,0,0.51,0.27,0.00,1140,380,570,102,0.62,0.45,0.00,6,2101,11967
1,19085,19,2,1,660,330,660,0,0.30,0.30,0.00,244,122,244,0,0.64,0.64,0.00,6,445,35919
1,19086,19,24,1,164744,6864,47330,612,26.48,5.53,0.11,1321343,55055,198660,275,118.70,22.87,0.10,17,57823,9201
1,17005,17,362,2,4567528,12617,468353,0,20860.12,27162.30,0.00,5005615,13827,831236,0,336.73,113.35,0.00,6,54742,5000
1,19088,19,14,2,110428,7887,14274,0,165.30,179.09,0.00,131739,9409,42292,0,85.40,126.23,0.00,17,65129,6767
1,19089,19,28,1,172010,6143,30762,102,54.43,9.38,0.02,129793,4635,19014,0,14.81,3.38,0.00,6,55446,67
1,24003,24,3,1,35140,11713,27629,1169,6.45,2.60,1.89,82873,27624,55486,1177,15.31,7.79,1.98,6,41454,80
1,19093,19,5,1,11479,2295,7123,228,16.04,12.78,0.01,4122,824,2124,0,3.19,1.49,0.00,6,52533,89
1,19095,19,2,1,338,169,220,118,33.06,30.50,2.56,204,102,106,98,26.57,25.33,1.23,6,2500,8888
1,19096,19,1,1,0,0,0,0,0.00,0.00,0.00,341,341,341,341,0.00,0.00,0.00,17,19,53408
1,19097,19,561,5,10880304,19394,686469,0,120.52,84.31,0.00,5941908,10591,787619,0,104.01,128.03,0.00,17,55000,55001
1,15002,15,48,1,145194,3024,9358,660,220.05,59.66,0.07,750474,15634,56313,611,694.18,69.31,0.11,6,2539,80
1,19099,19,6,1,42143,7023,21200,122,35.75,22.72,0.22,354095,59015,294216,102,41.19,18.99,0.23,6,1755,14000
1,19100,19,550,1,12492791,22714,2292077,0,983.93,158.78,0.00,43886945,79794,5344254,0,3813.72,162.09,0.00,6,36903,8801
1,19101,19,2,1,1348,674,1348,0,0.19,0.19,0.00,938,469,836,102,0.12,0.12,0.00,6,1524,8000
1,8001,8,115,1,1383178,12027,215623,0,301.07,35.43,0.00,11246856,97798,2362086,0,667.69,71.06,0.00,6,59325,80
1,15007,15,27,1,123542,4575,31775,98,131.69,22.55,0.01,798731,29582,123157,98,492.61,99.39,0.01,6,41863,80
1,15008,15,467,1,11472098,24565,743631,0,2720.10,32.12,0.00,52509040,112439,4063921,0,7310.86,104.60,0.00,6,58779,80
1,15009,15,74,1,575461,7776,37952,98,178.90,13.06,0.01,1836492,24817,131660,0,522.47,58.65,0.00,6,36924,80
1,19106,19,6,1,12031,2005,2856,690,76.87,22.66,0.17,18364,3060,3960,1296,112.38,42.00,0.16,17,500,500
1,19107,19,47,1,109824,2336,39530,98,223.58,87.76,0.00,17347,369,6132,0,73.31,47.56,0.00,6,52190,88
1,19108,19,90,1,1370250,15225,239889,0,581.32,330.74,0.00,13507185,150079,3934355,0,858.82,74.10,0.00,6,50912,1080
1,19109,19,4,1,2063,515,1693,122,41.61,23.52,0.00,2721,680,2517,0,36.27,19.66,0.00,6,56203,3128
1,19110,19,552,1,7486944,13563,425696,0,40601.10,18505.10,0.00,691288,1252,84708,0,397.30,39.21,0.00,6,22,56893
1,19111,19,2,3,22770,11385,8436,922,1.07,1.55,0.03,22878,11439,8816,1222,0.58,0.48,0.03,6,40654,1723
1,19112,19,3,1,39840,13280,37650,1056,2.11,1.33,0.31,137863,45954,137863,0,10.71,10.71,0.00,17,53614,1701
1,11002,11,1,1,472,472,472,472,0.17,0.17,0.17,0,0,0,0,0.00,0.00,0.00,6,1352,13001
1,19116,19,1,1,180,180,180,180,0.00,0.00,0.00,0,0,0,0,0.00,0.00,0.00,17,2070,80
1,14001,14,26224,1,487711657,18597,4342061,0,110833.76,199.68,0.00,1129190195,43059,5908297,0,174004.52,189.87,0.00,6,57135,443
1,14002,14,49,2,1256724,25647,213330,0,62042.52,59418.30,0.00,2387941,48733,1188528,0,49.74,23.23,0.00,17,4500,4500
1,19138,19,2,1,3951,1975,3357,297,0.00,0.00,0.00,0,0,0,0,0.00,0.00,0.00,17,38329,162
1,19139,19,1,1,342,342,342,342,0.29,0.29,0.29,570,570,570,570,0.48,0.48,0.48,6,3318,12159
1,19140,19,71,1,65598,923,2716,0,59252.84,51361.60,0.00,10204,143,2022,0,15.25,8.56,0.00,17,53696,5351
1,19141,19,1967,2,31112253,15817,540711,0,2681056.12,1792970.00,0.00,68181,34,14013,0,33.60,28.85,0.00,17,58857,1900
1,13001,13,23,2,1329832,57818,1131023,0,10.23,6.38,0.00,2731558,118763,2619196,0,7.49,11.99,0.00,6,1300,996
1,19146,19,12,1,81168,6764,27772,0,11.63,7.03,0.00,79470,6622,20826,0,4.78,1.80,0.00,6,1099,14000
1,13003,13,4,1,32144,8036,19494,282,3.30,2.87,0.03,33976,8494,17804,0,3.08,2.53,0.00,17,3528,518
1,13004,13,2,1,460,230,342,118,27.62,27.36,0.26,668,334,570,98,23.16,22.72,0.44,6,1503,12672
1,13005,13,15,1,448029,29868,137076,176,29.86,14.78,0.00,302765,20184,98258,0,17.46,13.96,0.00,17,43081,5060
1,13006,13,477,1,1777015,3725,74766,98,1515.88,137.12,0.01,8334617,17472,1634296,0,2314.76,195.53,0.00,6,44649,80
1,19151,19,1,1,342,342,342,342,0.26,0.26,0.26,570,570,570,570,0.44,0.44,0.44,6,1494,11968
1,13008,13,1,1,4407,4407,4407,4407,1.60,1.60,1.60,2776,2776,2776,2776,1.01,1.01,1.01,6,22555,80
1,19153,19,1,1,2789,2789,2789,2789,0.13,0.13,0.13,1985,1985,1985,1985,0.09,0.09,0.09,6,5632,6969
1,19154,19,3,1,1753,584,866,337,3.50,3.32,0.07,1746,582,1152,284,1.59,1.19,0.04,6,7323,6969
1,13011,13,45,1,637546,14167,72211,102,120.58,10.12,0.03,524741,11660,67654,0,51.37,6.06,0.00,6,50692,457
1,19156,19,1,1,15950,15950,15950,15950,1.40,1.40,1.40,105219,105219,105219,105219,0.42,0.42,0.42,6,40698,23
1,19159,19,25,2,214199,8567,76454,0,6958.86,4179.38,0.00,167465,6698,59328,0,1909.95,1973.88,0.00,6,42734,5900
1,19161,19,3372,1,23254709,6896,464423,0,9457.10,18.70,0.00,25825621,7658,1741645,0,5996.80,77.33,0.00,6,41676,5222
1,19164,19,1,1,228,228,228,228,1.20,1.20,1.20,570,570,570,570,2.99,2.99,2.99,6,2427,80
1,19166,19,1,1,122,122,122,122,20.29,20.29,20.29,102,102,102,102,16.96,16.96,16.96,6,1992,8888
1,19168,19,3,1,21736,7245,12724,624,0.98,1.15,0.07,327,109,218,0,0.02,0.02,0.00,17,10125,8021
1,12001,12,324,1,1555267,4800,30951,0,1174.89,22.11,0.00,21828566,67372,484637,0,14630.46,348.05,0.00,6,41363,80
1,19170,19,3638,1,174649234,48006,2621939,0,9757.42,73.67,0.00,189877190,52192,2603376,0,9258.51,86.58,0.00,6,42068,5224
1,19171,19,1688,3,52591848,31156,1749400,0,539.47,76.91,0.00,62250505,36878,13547033,0,428.09,168.05,0.00,17,32768,55001
1,13009,13,1,1,204,204,204,204,0.03,0.03,0.03,0,0,0,0,0.00,0.00,0.00,17,5829,7000
1,6009,6,3,1,112826,37608,77349,636,25.14,21.98,0.02,83565,27855,44886,256,0.96,0.95,0.00,17,1863,8000
1,15001,15,2,1,2812,1406,1119,837,12.69,9.04,1.04,7515,3757,5684,784,16.48,10.95,5.31,6,55761,80
1,11001,11,813,1,3814705,4692,348858,0,78925.40,57402.30,0.00,9797228,12050,3133900,0,17889.77,5805.51,0.00,6,49510,143
1,8011,8,26,1,1200284,46164,657046,114,179.25,13.40,0.01,19512390,750476,11221671,813,381.06,88.20,0.34,6,55797,80
1,11004,11,362,1,2736116,7558,153625,0,5731.19,3341.68,0.00,19760896,54588,2381552,0,5365.48,2243.04,0.00,6,49441,110
1,11005,11,77,1,3848616,49982,1349754,0,11138.89,19260.40,0.00,1290198,16755,67764,0,642.85,125.89,0.00,6,65196,25
1,11008,11,33,1,5289698,160293,2830610,1694,224.74,105.04,0.17,853736,25870,140304,2001,149.51,12.40,0.01,6,49690,587
1,11010,11,117,1,611943,5230,25358,102,981.43,30.31,0.02,667579,5705,198091,102,557.04,44.02,0.01,6,57108,80
1,11011,11,666,1,5289864,7942,190578,0,4878.32,163.44,0.00,9307616,13975,1173883,0,3139.19,72.84,0.00,6,48216,80
1,11013,11,76,1,515525,6783,150529,732,231.74,23.91,0.08,485553,6388,64648,204,194.13,53.01,0.02,6,53227,80
1,11015,11,1,1,6201,6201,6201,6201,3.34,3.34,3.34,21149,21149,21149,21149,11.38,11.38,11.38,6,58451,80
1,11016,11,42,1,67346,1603,4326,644,184.36,11.63,0.15,61773,1470,5090,668,149.56,9.95,0.19,6,60886,80
1,11017,11,1,1,5600,5600,5600,5600,1.16,1.16,1.16,648,648,648,648,0.13,0.13,0.13,6,50612,80
1,10001,10,110,1,381229,3465,25649,102,476.21,101.71,0.03,255401,2321,15194,0,313.82,85.03,0.00,6,55083,7788
1,10003,10,14,2,146330,10452,29474,98,26.44,15.75,0.02,156988,11213,70030,0,18.86,15.75,0.00,6,36815,5555
1,10005,10,1572,1,2297002,1461,53961,0,200504.16,51361.00,0.00,2332991,1484,174949,0,54277.16,16448.80,0.00,6,60048,443
1,2009,2,39,2,138337,3547,14442,143,3.11,1.20,0.00,51220,1313,41064,0,1.01,1.16,0.00,17,57730,46710
1,10009,10,31,1,102626,3310,36642,118,240.37,51.38,0.01,210859,6801,116378,0,176.36,16.52,0.00,6,33687,6000
1,10011,10,55,2,1193912,21707,122279,0,126.00,64.40,0.00,871887,15852,102510,102,77.04,50.53,0.00,6,1024,11008
1,10018,10,1081,2,5981786,5533,642235,0,30538.60,2970.89,0.00,5317803,4919,422091,0,8582.22,2243.04,0.00,6,59467,7000
1,10019,10,301,1,423417,1406,16374,0,4751.17,193.01,0.00,401388,1333,86977,0,3031.69,132.54,0.00,6,51719,8888
1,9001,9,96,1,956851,9967,172451,0,535.33,23.43,0.00,8264723,86090,4598203,0,541.29,77.03,0.00,6,54389,80
1,9002,9,2469,1,19951717,8080,957157,0,8229.88,26.26,0.00,177116049,71735,14876699,0,44650.77,245.31,0.00,6,49156,80
1,9003,9,759,1,8673353,11427,462227,0,3787.69,19.29,0.00,28043948,36948,7341645,0,3060.46,590.86,0.00,6,38978,80
1,10028,10,2,1,424,212,424,0,0.55,0.55,0.00,99,49,99,0,0.00,0.00,0.00,17,48276,27005
1,10029,10,28,1,59569,2127,15201,0,99.00,42.51,0.00,56658,2023,27148,0,79.00,37.87,0.00,6,48822,20001
1,2013,2,1,1,220,220,220,220,3.02,3.02,3.02,204,204,204,204,2.80,2.80,2.80,6,30701,7275
1,10034,10,22,1,78734,3578,8624,0,26.95,8.94,0.00,63281,2876,11118,0,13.28,3.88,0.00,6,42953,9210
1,10035,10,3,1,1596,532,1474,0,27.91,23.32,0.00,2346,782,2142,102,26.17,19.50,0.00,6,2301,8181
1,10037,10,8,1,24915,3114,15435,122,75.46,30.13,0.00,52220,6527,47086,0,49.04,22.96,0.00,6,1201,8888
1,10038,10,1,1,342,342,342,342,0.30,0.30,0.30,0,0,0,0,0.00,0.00,0.00,6,2347,6001
1,10039,10,3,3,212239,70746,46503,4159,2.24,0.95,0.23,361642,120547,65196,5861,3.21,3.30,0.05,6,35000,2008
1,10041,10,14,1,18011,1286,3312,0,33.94,8.88,0.00,42418,3029,8626,225,107.54,28.05,0.00,6,6663,8020
1,19082,19,1,1,122,122,122,122,23.39,23.39,23.39,102,102,102,102,19.55,19.55,19.55,6,1512,8888
1,10049,10,1998,2,7514955,3761,76077,0,160488.78,3587.72,0.00,11157563,5584,805364,0,79709.55,2467.35,0.00,6,47399,3001
1,8002,8,1441,1,47932096,33263,640286,0,10996.18,52.25,0.00,130885923,90829,8111165,0,5569.14,851.31,0.00,6,56839,80
1,19083,19,85,2,1246271,14662,48437,98,856.44,181.55,0.00,836173,9837,51296,0,780.56,174.70,0.00,6,1034,2000
1,10053,10,11,1,209553,19050,41206,4163,10.79,2.99,0.46,312084,28371,60788,4962,19.00,8.61,0.42,6,43319,30091
1,10055,10,7,1,104593,14941,54141,202,8.09,3.36,0.02,114554,16364,56858,102,5.77,3.13,0.01,6,4551,9999
1,6029,6,1,1,3855,3855,3855,3855,1.27,1.27,1.27,3001,3001,3001,3001,0.00,0.00,0.00,17,33217,26279
1,16012,16,3,1,19982,6660,16640,560,23.24,12.50,0.04,62445,20815,53820,425,29.98,33.20,0.05,6,51147,8001
1,10058,10,239,1,1440282,6026,44408,0,51913.14,61432.50,0.00,641293,2683,27560,0,94.49,78.53,0.00,6,35629,9011
1,10059,10,87,1,101160,1162,16761,0,232.46,53.03,0.00,73305,842,11922,0,138.17,17.62,0.00,6,42417,9090
1,12002,12,251,1,12911326,51439,549100,502,4072.68,124.14,0.00,1401408,5583,75361,0,854.83,24.99,0.00,6,32916,80
1,10062,10,145,1,420761,2901,12980,98,6254.21,7562.25,0.01,105953,730,9669,0,158.29,49.09,0.00,17,6155,3478
1,5005,5,3,1,3349,1116,1707,719,3.40,2.01,0.15,3748,1249,1284,1181,4.44,3.30,0.21,6,38842,80
1,10066,10,847,1,1701003,2008,135294,0,36967.90,4463.20,0.00,1320258,1558,166932,0,18358.76,2243.04,0.00,6,55902,8253
1,10068,10,1,2,8169,8169,6492,1677,0.63,1.17,0.09,5061,5061,5061,0,0.03,0.07,0.00,6,4098,13000
1,10070,10,6,1,3138,523,1532,102,9.86,5.00,0.10,3072,512,1436,0,11.87,5.00,0.00,6,10332,80
1,10071,10,17,1,470295,27664,114790,116,217.54,180.28,0.05,994863,58521,295627,0,135.34,145.71,0.00,6,50564,30000
1,7001,7,18,1,104687,5815,18997,778,48.69,11.28,0.10,1112234,61790,292666,696,306.93,163.17,0.09,6,57061,80
1,7003,7,2,6,15667596,7833798,10049224,1460,7.10,10.95,0.90,239884553,119942276,157655118,1698,19.43,18.74,0.00,6,4198,11519
1,7004,7,57,1,6231693,109327,1674975,104,594.49,183.92,0.00,16185534,283956,9106452,0,88.76,19.81,0.00,17,58249,8800
1,10078,10,76,4,2458471,32348,142306,0,40.53,40.85,0.00,1188119,15633,87594,0,19.59,25.25,0.00,6,47574,7777
1,10079,10,2,1,476,238,354,122,34.89,19.49,15.40,396,198,294,102,24.78,12.87,11.91,6,3735,8888
1,10080,10,474,7,21198155,44721,70040,0,2696.62,240.65,0.00,11453115,24162,37243,0,1603.75,135.16,0.00,6,5330,2000
1,10083,10,2,1,412,206,208,204,1.31,1.25,0.06,514,257,306,208,1.34,1.25,0.09,6,7880,10500
1,10084,10,1212,1,744330,614,57244,98,31617.98,21526.40,0.00,459826,379,65520,0,5122.82,54.62,0.00,17,55184,80
1,10085,10,5,1,276877,55375,147591,106,4.46,2.32,0.00,392530,78506,225037,0,4.61,3.08,0.00,6,1038,29000
1,10086,10,15,1,32633,2175,6684,0,244.48,275.57,0.00,23047,1536,3596,0,13.28,6.72,0.00,6,50235,1237
1,10091,10,2,1,101332,50666,55846,45486,1.50,0.81,0.69,85895,42947,51190,34705,0.74,0.44,0.29,6,39885,7007
1,10097,10,1656,1,4562195,2754,324217,0,293427.97,85854.40,0.00,3970298,2397,89692,0,118675.04,24673.70,0.00,6,50026,80
1,10098,10,7,1,4414,630,2230,354,2.57,0.51,0.29,0,0,0,0,0.00,0.00,0.00,6,40908,8866
1,10102,10,1,1,93982,93982,93982,93982,3.83,3.83,3.83,339615,339615,339615,339615,38.36,38.36,38.36,6,45483,5816
1,6008,6,14,1,16482164,1177297,15130500,102,59.10,18.71,0.01,238450140,17032152,224597008,0,82.65,48.28,0.00,6,45700,5648
1,10105,10,2121,1,19695774,9286,321044,0,348032.29,114808.00,0.00,29530532,13922,6767575,0,51933.09,12336.90,0.00,6,35597,8003
1,10107,10,70,2,626530,8950,72222,0,521.77,185.98,0.00,597598,8537,83191,0,188.35,135.88,0.00,6,51578,5500
1,6012,6,82,1,3382136,41245,380755,0,286.14,35.88,0.00,53921445,657578,7719004,98,2432.24,633.69,0.00,6,45497,80
1,10109,10,2,1,13660,6830,10314,3346,10.48,9.30,1.18,59633,29816,30110,29523,13.56,10.65,2.91,6,65255,80
1,10110,10,1,1,2306,2306,2306,2306,1.25,1.25,1.25,8184,8184,8184,8184,4.21,4.21,4.21,6,40479,80
1,10111,10,88,1,1575936,17908,335138,98,321.14,27.15,0.01,4666764,53031,672045,102,669.66,116.01,0.01,6,50649,80
1,10112,10,5,1,133706,26741,112449,1299,13.28,5.79,0.32,864199,172839,763792,2572,32.90,28.29,0.19,6,56533,80
1,1003,1,23,3,289160,12572,86179,135,41.91,35.46,0.02,2396098,104178,2252673,100,16.62,16.35,0.00,17,1024,9200
1,10118,10,179,1,1858066,10380,141243,102,428.08,25.70,0.01,2545678,14221,184862,0,341.19,34.78,0.00,6,59373,80
1,6023,6,863,1,13920998,16130,7174973,0,1515.43,31.27,0.00,134887339,156300,102067117,0,2928.19,154.10,0.00,6,35683,8801
1,6024,6,1,1,1906,1906,1906,1906,5.18,5.18,5.18,1258,1258,1258,1258,0.25,0.25,0.25,6,53582,80
1,5001,5,14,1,72473,5176,26895,102,20.28,5.51,0.02,247687,17691,101062,102,26.03,8.89,0.02,6,35508,80
1,5002,5,7109,1,239779311,33728,1787205,0,65122.35,403.20,0.00,853871983,120111,7402899,0,65641.20,496.82,0.00,6,59328,80
1,5003,5,4168,1,34824577,8355,1911025,0,13186.52,206.75,0.00,90823510,21790,5913270,0,24754.82,412.92,0.00,6,42296,80
1,5004,5,3,2,37258,12419,15218,980,6.02,7.38,0.11,70201,23400,49308,804,14.90,37.54,0.09,6,48493,80
1,10050,10,3,2,28268,9422,17954,0,1.02,0.95,0.00,610,203,610,0,0.00,0.00,0.00,17,30576,9004
1,6031,6,1,1,4070,4070,4070,4070,1.26,1.26,1.26,2962,2962,2962,2962,0.92,0.92,0.92,6,5598,2332
1,26001,26,27,1,77549,2872,12931,1041,168.90,19.43,0.22,93507,3463,17026,212,148.04,16.53,0.03,6,50655,80
1,26002,26,159,1,394537,2481,37647,0,550.51,12.96,0.00,1808654,11375,92364,0,1973.82,80.88,0.00,6,37138,80
1,26003,26,2884,1,63467550,22006,1321704,0,17728.09,58.67,0.00,374434681,129831,25018573,0,31890.35,358.56,0.00,6,44510,80
1,6037,6,41,1,229101,5587,50135,102,129.87,10.24,0.01,1084158,26442,350991,102,340.15,65.53,0.00,6,53470,80
1,6038,6,72,1,3932236,54614,654358,0,556.75,192.29,0.00,77688639,1079008,16101386,98,6361.19,1356.58,0.02,6,44871,80
1,6039,6,207,2,4288245,20716,148220,0,38275.10,83585.80,0.00,1179420,5697,653743,0,199.53,83.14,0.00,17,7109,3478
1,6040,6,1,1,334,334,334,334,0.35,0.35,0.35,590,590,590,590,0.61,0.61,0.61,6,60657,458
1,6041,6,28,1,243734,8704,80983,102,120.96,18.11,0.03,1177474,42052,318984,102,457.92,178.51,0.00,6,47789,80
1,6042,6,154,1,924016,6000,320148,0,564.61,27.79,0.00,11107420,72126,8127137,0,1205.65,152.31,0.00,6,55415,80
1,6043,6,3,1,4347,1449,1863,1080,11.95,10.29,0.76,3481,1160,1634,624,6.22,4.57,0.79,6,51847,80
1,6045,6,722,1,2602930,3605,79107,0,2800.45,24.46,0.00,9727929,13473,1360225,0,1938.24,168.57,0.00,6,56240,1863
1,6048,6,6,1,13562,2260,4210,692,27.12,11.68,0.27,60768,10128,36231,1455,115.29,71.86,0.30,6,51869,80
1,4001,4,90,1,2183533,24261,200189,0,550.85,29.73,0.00,5360393,59559,885562,94,555.80,54.78,0.01,6,53252,80
1,4002,4,460,1,8907587,19364,862978,0,1290.35,25.34,0.00,31720654,68957,9738072,0,2641.13,95.46,0.00,6,39704,80
1,4003,4,88,1,1524490,17323,98437,102,348.34,18.24,0.04,5396307,61321,407652,0,868.20,101.64,0.00,6,41435,80
1,4004,4,2,1,21365,10682,17252,1544,3.93,3.47,1.11,27278,13639,14235,6478,7.03,5.54,2.13,6,48658,80
1,4008,4,3,1,15194,5064,8961,1583,2.15,1.19,0.19,7588,2529,7066,0,1.87,1.81,0.00,6,50446,80
1,6057,6,731,1,8503063,11632,149440,0,5007.96,45.74,0.00,39734203,54355,1267065,0,4727.09,319.69,0.00,6,51699,80
1,25002,25,74,1,296929,4012,28027,98,88.02,13.47,0.01,652941,8823,57714,0,183.20,64.44,0.00,6,1591,80
1,25003,25,5,1,20104,4020,7150,921,4.40,1.45,0.21,52007,10401,24052,1417,9.52,4.08,0.33,6,64549,80
1,25004,25,487,1,9489382,19485,417328,0,1956.79,34.57,0.00,28524914,58572,630610,0,3994.38,74.69,0.00,6,43701,80
1,25005,25,322,1,674356,2094,10659,98,1914.07,21.83,0.01,861929,2676,49571,98,1936.26,56.45,0.00,6,36112,80
1,25006,25,4586,1,98528540,21484,2591684,0,38345.96,80.82,0.00,337708755,73639,10641353,0,44286.40,412.85,0.00,6,50378,8020
1,19102,19,3,1,850,283,366,118,41.49,31.46,0.00,0,0,0,0,0.00,0.00,0.00,6,51290,3306
1,2036,2,5,1,6444,1288,3431,122,37.35,21.28,0.08,9946,1989,7083,0,23.55,17.79,0.00,6,1214,8888
1,3002,3,1,1,2597,2597,2597,2597,0.18,0.18,0.18,5858,5858,5858,5858,0.36,0.36,0.36,6,5190,14000
1,19103,19,3,1,793,264,475,0,1.19,1.05,0.00,728,242,524,0,1.16,1.16,0.00,6,1527,11840
1,3004,3,10,1,294551,29455,76403,134,20.80,15.29,0.12,502542,50254,145224,0,16.88,11.64,0.00,6,64322,6666
1,3006,3,448,1,647023,1444,66756,0,24044.50,2461.76,0.00,1387466,3097,892650,0,14629.09,1154.31,0.00,6,56398,1863
1,3009,3,12587,1,341634679,27141,6664899,0,288308.53,61432.50,0.00,448255308,35612,19732705,0,114283.39,9869.35,0.00,6,55960,14000
1,24002,24,1,1,10193,10193,10193,10193,3.38,3.38,3.38,73992,73992,73992,73992,24.51,24.51,24.51,6,51682,80
1,3011,3,25917,2,562449912,21701,1194853,0,3655519.07,1015340.00,0.00,846897687,32677,1661848,0,560895.50,98694.80,0.00,6,50484,14000
1,3012,3,32,2,417148,13035,46606,228,18.38,10.09,0.03,529034,16532,41484,126,8.23,4.36,0.02,6,57083,16000
1,3013,3,1840,1,34822567,18925,948964,0,9648.38,35.47,0.00,33186586,18036,941754,0,5579.06,36.40,0.00,6,60536,5287
1,24007,24,13,1,75494,5807,16861,1117,48.85,7.54,0.68,443671,34128,77092,894,263.97,82.55,1.03,6,33979,80
1,3016,3,217,1,795351,3665,40476,0,325.76,19.89,0.00,1270913,5856,419628,98,249.84,72.85,0.00,6,42995,5222
1,3017,3,9,1,10865,1207,6024,0,106.42,42.08,0.00,9485,1053,5964,0,88.66,35.18,0.00,6,4104,5050
1,3018,3,29007,1,488209154,16830,2592385,0,188861.50,135.00,0.00,1147457752,39557,12378116,0,142985.75,526.98,0.00,6,39970,8080
1,3020,3,31,1,173110,5584,18637,0,74.86,10.09,0.00,795482,25660,89069,0,220.41,40.23,0.00,6,58134,80
1,3021,3,513,1,3960381,7720,165064,0,2583.21,24.47,0.00,4318016,8417,243836,0,2554.24,137.57,0.00,6,38355,80
1,8013,8,1,1,1362,1362,1362,1362,2.51,2.51,2.51,4435,4435,4435,4435,8.19,8.19,8.19,6,1036,80
1,3024,3,3,1,11714,3904,5220,1504,0.95,0.68,0.14,5912,1970,2100,0,0.33,0.24,0.00,17,15005,48319
1,2002,2,51,1,3905348,76575,796952,103,143.55,45.28,0.02,15981777,313368,3280761,0,154.73,45.09,0.00,6,61331,5200
1,2003,2,4140,1,103600435,25024,12559574,0,13923.47,50.48,0.00,1724183094,416469,295379264,0,109503.95,1251.19,0.00,6,51592,80
1,2004,2,58,1,370283,6384,67338,152,124.01,14.07,0.03,392415,6765,75813,110,102.51,8.98,0.00,6,51948,4244
1,2005,2,9,1,43889,4876,18100,294,21.64,16.99,0.03,82953,9217,22406,234,10.41,7.74,0.03,6,49287,5531
1,3030,3,26,1,169700,6526,16928,389,114.70,10.46,0.09,220516,8481,34118,294,90.46,13.72,0.14,6,46809,8080
1,2007,2,305,1,108780,356,5016,0,20478.36,684.17,0.00,69515,227,2516,0,18995.73,613.84,0.00,17,39866,9000
1,23001,23,80,1,320423,4005,18795,0,509.37,23.02,0.00,864113,10801,127340,0,786.05,76.29,0.00,6,50458,80
1,2011,2,2,1,37006,18503,23330,1263,4.19,4.69,0.46,13626,6813,10721,323,0.77,0.65,0.12,6,1026,50200
1,6051,6,5,1,210706,42141,176367,1181,6.27,2.55,0.32,3810420,762084,3747667,1103,24.68,17.37,0.37,6,48875,80
1,2015,2,771,2,9551973,12389,236619,0,621.69,102.91,0.00,6881448,8925,347158,0,296.14,79.97,0.00,6,52484,80
1,2016,2,43,1,550965,12813,47230,0,122.08,21.44,0.00,1202270,27959,167079,114,239.30,45.34,0.00,6,49428,8080
1,2020,2,5,1,2020,404,934,126,42.88,23.67,0.05,68768,13753,48620,240,293.20,126.45,0.04,17,7000,6616
1,2021,2,26,1,331171,12737,126293,98,57.89,12.55,0.02,1484604,57100,857114,0,242.87,135.91,0.00,6,37838,10034
1,2024,2,5,1,38796,7759,32000,127,36.86,11.79,0.15,30777,6155,23576,328,53.79,29.87,0.04,17,30082,8080
1,1001,1,21,1,287036,13668,83746,224,90.19,23.74,0.06,2953171,140627,905219,106,378.13,172.08,0.05,6,39456,21
1,1002,1,46531,3,3415766554,73408,7466323,0,21344748.88,3134670.00,0.00,12182496280,261814,28282925,0,1888432.96,330320.00,0.00,6,49162,80
1,2027,2,1033,1,65544414,63450,2554454,0,8368.35,140.55,0.00,37487885,36290,918113,0,6375.56,205.76,0.00,6,47024,80
1,10007,10,1,1,366,366,366,366,0.11,0.11,0.11,0,0,0,0,0.00,0.00,0.00,6,10200,10482
1,22001,22,2732,1,28690419,10501,1197453,0,9758.82,42.40,0.00,90056477,32963,14724409,0,8658.93,140.84,0.00,6,56631,9999
1,22002,22,95,1,675654,7112,90776,625,491.57,20.07,0.13,1253052,13190,537277,98,351.27,22.62,0.02,6,40329,80
1,22003,22,19,1,122449,6444,27569,669,44.66,6.33,0.09,432206,22747,170603,0,88.80,35.89,0.00,6,38672,80
1,22004,22,6,1,215433,35905,101731,228,21.29,10.69,0.03,1335855,222642,709844,114,56.60,29.97,0.02,6,60497,80
1,22005,22,14,1,72303,5164,25573,962,104.59,20.12,0.69,391510,27965,330554,420,99.81,19.71,0.04,6,39010,80
1,22006,22,9,1,85761,9529,25480,1169,44.96,9.53,0.85,604322,67146,190925,420,307.71,72.13,0.02,6,65165,80
1,25001,25,60,1,408907,6815,34795,102,266.37,37.67,0.03,1232404,20540,73018,102,741.47,78.78,0.03,6,34096,80
1,4010,4,1,1,78399,78399,78399,78399,3.13,3.13,3.13,230956,230956,230956,230956,7.18,7.18,7.18,6,54709,80
2,21004,21,9,1,17485,1942,6702,102,17.03,5.68,0.02,41620,4624,21146,102,41.82,18.26,0.02,6,45303,80
2,21007,21,18,1,293807,16322,54228,204,60.74,10.48,0.02,1491794,82877,200317,102,235.73,87.32,0.01,6,41237,80
2,20001,20,1459,3,11206782,7681,391610,0,116738.80,102717.00,0.00,20537049,14076,2728402,0,13381.44,2498.58,0.00,6,33022,5228
2,20002,20,345,3,1194078,3461,39258,0,202803.53,594145.00,0.00,528531,1531,36876,0,10606.07,8131.22,0.00,17,42531,8080
2,9003,9,34,1,190729,5609,24667,919,135.39,11.16,0.25,138239,4065,16788,200,78.25,8.05,0.03,6,38355,80
2,19001,19,1779,3,5580593,3136,293866,0,945106.23,463232.00,0.00,13309849,7481,886572,0,1333532.01,10610.30,0.00,17,62042,53
2,19006,19,25,6,602092,24083,38112,0,32.32,136.86,0.00,344512,13780,21089,102,25.82,131.69,0.01,6,1025,2000
2,19007,19,1,1,122,122,122,122,22.00,22.00,22.00,102,102,102,102,18.40,18.40,18.40,6,2059,8888
2,19008,19,18,3,185216,10289,18497,102,60.31,129.55,0.01,111041,6168,10291,102,56.23,124.66,0.01,6,1026,14000
2,19011,19,1,1,19188,19188,19188,19188,0.18,0.18,0.18,10460,10460,10460,10460,0.05,0.05,0.05,6,1050,2000
2,19016,19,28,1,34718,1239,14632,122,20692.34,29708.70,0.00,19598,699,12152,0,297.45,128.40,0.00,6,58077,7
2,18002,18,2,2,3230,1615,2244,122,3.69,6.69,0.00,2695,1347,1599,0,1.64,2.24,0.00,6,37576,81
2,19028,19,1,1,118,118,118,118,17.16,17.16,17.16,98,98,98,98,14.25,14.25,14.25,6,2450,8888
2,19029,19,1,1,158,158,158,158,0.00,0.00,0.00,0,0,0,0,0.00,0.00,0.00,17,137,137
2,19043,19,3,1,3228,1076,1368,882,15.59,7.76,0.96,1412,470,732,0,3.68,3.68,0.00,6,51170,465
2,19048,19,6,1,6659,1109,3573,0,81.75,78.41,0.00,6070,1011,3042,102,3.75,2.92,0.01,6,60615,6001
2,17002,17,4,1,16205,4051,14377,0,24341.78,24337.80,0.00,10774,2693,10574,0,1647.59,1644.90,0.00,6,44170,8010
2,19051,19,22,2,320134,14551,66157,0,12.72,11.68,0.00,189707,8623,38716,106,6.09,6.47,0.02,6,1033,9000
2,17005,17,18,5,220477,12248,48678,0,6.02,5.24,0.00,115170,6398,7799,0,2.04,2.63,0.00,6,5848,6969
2,19054,19,1,1,999,999,999,999,4.07,4.07,4.07,0,0,0,0,0.00,0.00,0.00,17,68,67
2,19069,19,40,1,35098,877,3210,110,364.59,140.90,0.00,16490,412,1832,0,96.68,63.27,0.00,6,57332,13
2,19078,19,97,1,22800,235,1242,134,896.14,30.69,0.00,14130,145,690,0,874.21,30.69,0.00,17,54905,123
2,16009,16,2,1,1522,761,821,0,0.14,0.11,0.00,8856,4428,4717,592,0.75,0.58,0.00,6,1035,9000
2,19083,19,16,5,294937,18433,19974,0,4.28,7.82,0.00,165136,10321,10617,102,1.36,1.80,0.01,6,1034,2000
2,19053,19,83,14,4596757,55382,55477,0,25.10,29.46,0.00,2646654,31887,30667,0,9.82,1.33,0.00,6,1234,2000
2,19088,19,1,4,17793,17793,6679,1762,0.34,0.49,0.06,12604,12604,4784,1380,0.19,0.38,0.04,17,6666,3333
2,19097,19,33,14,667190,20217,45414,0,2.20,1.68,0.00,122644,3716,4827,0,1.63,14.43,0.00,17,55000,55001
2,15002,15,5,1,11002,2200,2413,812,7.39,4.01,0.39,42787,8557,18267,709,25.18,12.27,0.40,6,42777,80
2,19100,19,18,1,661251,36736,386773,406,24.33,4.79,0.05,1169277,64959,491025,1855,79.95,18.77,0.13,6,34711,15008
2,8001,8,4,2,12369,3092,3839,0,10.72,4.76,0.00,66186,16546,40342,102,21.36,32.64,0.00,6,34354,80
2,15007,15,1,1,0,0,0,0,0.00,0.00,0.00,102,102,102,102,0.05,0.05,0.05,6,53267,80
2,15008,15,14,1,143409,10243,58899,974,71.43,16.42,0.10,572723,40908,224418,1031,194.75,48.63,0.13,6,41847,80
2,15009,15,2,1,3806,1903,2659,1147,9.09,8.61,0.48,10488,5244,9707,781,7.61,5.86,1.75,6,51801,80
2,19107,19,2,1,720,360,366,354,0.21,0.13,0.08,0,0,0,0,0.00,0.00,0.00,6,52735,88
2,19108,19,6,2,207492,34582,106155,418,74.43,130.08,0.04,3780185,630030,2195348,472,148.42,140.50,0.04,6,40114,1080
2,19110,19,23,6,154966,6737,7368,0,7.14,2.53,0.00,21160,920,2534,0,3.13,2.02,0.00,6,22,55156
2,14001,14,884,2,14965653,16929,571864,0,2699.65,66.16,0.00,31252401,35353,1064166,0,4560.90,94.52,0.00,6,44095,443
2,14002,14,2,13,34770,17385,5734,122,6.03,31.84,0.56,1632,816,306,0,0.76,2.54,0.00,6,46424,4500
2,19140,19,4,1,2948,737,1224,194,19276.79,19260.40,2.31,0,0,0,0,0.00,0.00,0.00,17,49857,5351
2,19141,19,77,6,1240059,16104,88562,0,37485.65,112035.00,0.00,2670,34,1335,0,0.78,2.81,0.00,17,62481,1900
2,13001,13,3,4,29975,9991,17039,102,1.94,3.32,0.05,21229,7076,11060,0,0.92,2.72,0.00,6,1300,996
2,13005,13,1,1,7879,7879,7879,7879,1.24,1.24,1.24,0,0,0,0,0.00,0.00,0.00,17,49697,5060
2,13006,13,17,1,46290,2722,13079,204,22.90,3.33,0.02,204616,12036,109800,121,32.36,18.31,0.00,6,36999,80
2,13007,13,1,1,567,567,567,567,0.71,0.71,0.71,0,0,0,0,0.00,0.00,0.00,17,46437,40031
2,19153,19,1,1,1070,1070,1070,1070,0.29,0.29,0.29,208,208,208,208,0.06,0.06,0.06,6,5632,9020
2,13011,13,1,1,6068,6068,6068,6068,3.91,3.91,3.91,4050,4050,4050,4050,0.35,0.35,0.35,6,54195,67
2,19159,19,1,1,2058,2058,2058,2058,11.70,11.70,11.70,684,684,684,684,9.71,9.71,9.71,6,34610,5900
2,19161,19,121,2,944379,7804,109024,0,279.04,10.01,0.00,878408,7259,97973,98,174.87,12.04,0.01,6,53498,5222
2,12001,12,18,1,120814,6711,22506,2568,56.89,10.77,0.49,1640629,91146,488757,212,782.32,159.68,0.04,6,1026,80
2,19170,19,147,3,7383012,50224,715758,0,241.38,39.72,0.00,7237322,49233,716042,0,237.64,39.75,0.00,6,2020,6650
2,19171,19,127,8,2927550,23051,112412,0,12.62,4.49,0.00,622286,4899,82649,0,3.28,3.56,0.00,17,1024,11189
2,11001,11,18,1,99654,5536,44006,102,146.75,101.79,0.00,142975,7943,62116,0,92.62,69.22,0.00,6,35648,143
2,8011,8,1,1,3132,3132,3132,3132,0.41,0.41,0.41,1394,1394,1394,1394,0.18,0.18,0.18,6,50186,23949
2,11004,11,9,1,43241,4804,14960,118,79.61,52.77,0.02,277063,30784,133970,0,180.68,119.91,0.00,6,43483,110
2,11005,11,1,2,13529,13529,11525,2004,7.15,10.71,3.58,12351,12351,11009,1342,2.45,2.99,1.92,6,53743,25
2,11010,11,12,1,56233,4686,20738,1032,61.08,20.06,0.19,54490,4540,22574,741,59.87,14.85,0.11,6,50145,80
2,11011,11,20,2,918993,45949,834974,204,154.29,116.10,0.05,101452,5072,38486,204,73.07,11.75,0.05,6,52671,80
2,11013,11,1,1,1346,1346,1346,1346,3.33,3.33,3.33,982,982,982,982,2.43,2.43,2.43,6,53194,80
2,11016,11,4,1,4422,1105,1869,839,22.30,9.65,2.66,3819,954,1447,730,19.17,9.45,2.60,6,42583,80
2,10001,10,5,1,20237,4047,6796,257,11.61,10.85,0.06,13810,2762,5926,114,7.67,7.69,0.03,6,59977,7788
2,10005,10,54,1,46159,854,5363,0,740.53,299.10,0.00,72040,1334,39834,0,339.86,141.10,0.00,6,60022,443
2,23001,23,3,1,6586,2195,3407,1184,33.62,13.55,9.67,5023,1674,2996,850,25.42,12.24,5.71,6,34415,80
2,10009,10,1,1,1242,1242,1242,1242,0.36,0.36,0.36,1136,1136,1136,1136,0.33,0.33,0.33,6,4141,6000
2,10011,10,3,7,138509,46169,36236,880,0.63,0.84,0.11,81254,27084,21660,510,0.34,0.44,0.06,6,1109,11008
2,10018,10,56,2,175206,3128,16773,0,168.96,22.93,0.00,184090,3287,15748,94,148.23,17.46,0.00,6,55760,7000
2,10019,10,17,3,35148,2067,7120,118,338.05,72.14,0.07,28336,1666,4864,0,240.00,29.62,0.00,6,34414,8888
2,9002,9,78,1,626771,8035,57779,0,202.22,12.28,0.00,4704252,60310,296595,699,1173.32,93.81,0.00,6,50020,80
2,10027,10,9,2,43694,4854,10752,0,29.96,28.43,0.00,45250,5027,9898,0,16.65,15.03,0.00,6,58810,10000
2,10029,10,1,1,513,513,513,513,2.91,2.91,2.91,420,420,420,420,2.39,2.39,2.39,6,33509,20001
2,10034,10,2,3,8077,4038,3424,411,3.21,3.23,0.92,8599,4299,3116,573,3.84,3.87,0.92,6,56188,9210
2,10041,10,2,1,1196,598,1074,122,6.57,6.47,0.10,4429,2214,4063,366,24.77,24.46,0.30,6,44617,6668
2,10049,10,86,2,309983,3604,85685,0,4450.70,1035.62,0.00,314301,3654,117411,0,2783.27,432.73,0.00,6,56595,3003
2,8002,8,54,2,1159428,21470,175474,0,267.59,23.58,0.00,2233497,41361,1011419,0,134.68,49.68,0.00,6,64250,80
2,16011,16,12,9,60268,5022,5427,0,1.47,5.72,0.00,57815,4817,6111,115,0.95,4.19,0.01,6,47835,9528
2,10058,10,13,6,193629,14894,19926,102,9193.79,46073.60,0.00,87655,6742,8686,0,3.99,2.28,0.00,6,6411,9020
2,10059,10,6,1,4678,779,1320,0,5.34,4.77,0.00,2937,489,1147,0,1.72,1.16,0.00,6,36754,9090
2,12002,12,15,1,806531,53768,182725,907,157.26,42.05,0.10,68673,4578,13305,0,31.31,7.59,0.00,6,50951,80
2,10062,10,3,1,2586,862,2052,228,13.25,7.42,0.05,114,38,114,0,3.71,3.71,0.00,17,6593,3478
2,10066,10,30,1,30751,1025,5199,0,292.10,147.59,0.00,18181,606,3028,0,195.22,147.59,0.00,6,55970,5226
2,7001,7,1,1,4402,4402,4402,4402,2.99,2.99,2.99,23766,23766,23766,23766,19.53,19.53,19.53,6,60071,80
2,7003,7,1,1,750,750,750,750,4.07,4.07,4.07,799,799,799,799,4.34,4.34,4.34,6,49147,80
2,7004,7,3,1,211803,70601,197544,918,70.71,37.42,2.77,927432,309144,866824,256,31.75,19.27,0.00,17,50460,38386
2,10078,10,11,5,225311,20482,75856,122,12.76,51.84,0.00,93338,8485,35802,0,0.88,1.50,0.00,6,8100,7777
2,10080,10,83,15,4847435,58402,85954,0,165.70,177.13,0.00,2615711,31514,43903,0,72.60,124.66,0.00,6,1024,2000
2,10084,10,39,2,19830,508,2552,98,116.32,16.50,0.00,12077,309,1456,0,87.63,14.44,0.00,17,46463,80
2,10097,10,52,1,101807,1957,19234,0,444.40,301.66,0.00,83591,1607,21140,0,200.00,83.36,0.00,6,50017,5223
2,10105,10,98,3,472765,4824,56519,0,22282.48,57404.10,0.00,438004,4469,33454,0,174.93,53.95,0.00,6,59153,8019
2,10107,10,2,2,8109,4054,4271,110,0.32,0.36,0.00,5026,2513,3280,0,0.18,0.28,0.00,6,55629,5500
2,6012,6,3,1,39309,13103,35037,957,10.01,6.56,0.76,666652,222217,646819,3445,135.03,121.02,4.31,6,54701,80
2,10111,10,1,1,1275,1275,1275,1275,0.85,0.85,0.85,2402,2402,2402,2402,1.60,1.60,1.60,6,56842,80
2,1003,1,4,3,20617,5154,3645,98,5.68,16.83,0.01,15572,3893,3002,96,0.39,0.22,0.01,17,1024,9200
2,10118,10,9,1,63073,7008,26118,776,13.89,9.33,0.36,57084,6342,21326,659,12.01,9.11,0.27,6,59540,80
2,6023,6,39,1,165654,4247,10648,0,49.39,5.49,0.00,468161,12004,28911,98,110.40,15.13,0.02,6,47021,8801
2,5002,5,257,2,6773710,26356,408850,0,1892.48,110.96,0.00,21838946,84976,1528641,0,2516.53,165.02,0.00,6,34133,80
2,5003,5,151,1,969213,6418,154997,102,465.98,24.84,0.02,2790649,18481,692776,102,821.17,131.78,0.01,6,41675,8080
2,26002,26,3,1,8882,2960,2886,1250,1.82,1.13,0.17,55641,18547,21878,5610,6.62,4.97,0.01,6,53876,80
2,26003,26,134,1,2001560,14937,107935,0,709.12,26.11,0.00,13334274,99509,1097173,0,1345.20,83.85,0.00,6,48430,80
2,6037,6,3,1,21075,7025,15622,1608,11.59,10.56,0.17,25597,8532,11705,3081,6.56,3.21,1.27,6,48303,80
2,6038,6,2,2,69674,34837,53324,3773,18.59,27.19,2.02,336565,168282,236610,4133,398.17,747.58,2.21,6,54222,443
2,6039,6,12,4,356496,29708,126816,0,5.04,14.78,0.00,15885,1323,5568,0,0.82,3.46,0.00,17,5829,7007
2,6041,6,1,1,3478,3478,3478,3478,3.23,3.23,3.23,14797,14797,14797,14797,11.27,11.27,11.27,6,57729,80
2,6042,6,4,1,11119,2779,8643,408,3.54,2.38,0.03,155788,38947,153826,318,15.93,18.21,0.03,6,39061,80
2,6045,6,32,1,73860,2308,11398,0,82.26,19.03,0.00,285480,8921,171056,204,85.49,47.14,0.02,6,57907,1863
2,4002,4,13,1,45728,3517,9216,725,27.78,6.94,0.14,146014,11231,45269,228,114.00,75.47,0.00,6,48371,80
2,4003,4,1,1,14754,14754,14754,14754,2.14,2.14,2.14,73599,73599,73599,73599,10.18,10.18,10.18,6,41236,80
2,25001,25,4,1,9047,2261,3258,1193,19.14,6.56,1.45,14606,3651,8959,1316,21.16,6.25,4.37,6,59241,80
2,25002,25,4,1,16526,4131,12343,294,8.10,9.16,0.03,65271,16317,59387,98,22.57,26.80,0.01,6,39192,80
2,25004,25,25,1,470051,18802,119462,204,83.03,15.63,0.02,1937170,77486,597175,0,275.30,62.78,0.00,6,1431,80
2,25005,25,9,1,19760,2195,3603,1083,32.58,12.77,0.26,30673,3408,6992,840,52.16,15.05,0.01,6,48914,80
2,25006,25,165,1,2650111,16061,240152,102,980.35,39.07,0.01,8953932,54266,1241842,102,1410.89,115.46,0.00,6,56206,80
2,3003,3,1,1,0,0,0,0,0.00,0.00,0.00,578,578,578,578,0.00,0.00,0.00,6,33528,5222
2,3004,3,1,1,326,326,326,326,0.05,0.05,0.05,318,318,318,318,0.05,0.05,0.05,6,39303,6666
2,3006,3,12,1,10864,905,3574,102,652.37,234.85,0.06,8671,722,2468,0,465.74,181.42,0.00,6,59349,1863
2,3009,3,455,2,13526329,29728,1427952,0,5020.56,7427.22,0.00,15297488,33620,252253,0,1939.37,1233.67,0.00,6,57500,14000
2,3011,3,958,3,23032612,24042,452387,0,32665.44,16449.00,0.00,34680575,36201,526970,0,10857.19,17859.00,0.00,6,37658,14000
2,3013,3,71,1,1120935,15787,321550,102,277.68,28.27,0.00,1072456,15105,318929,0,182.29,28.18,0.00,6,52391,5287
2,24007,24,2,1,5080,2540,3889,1191,11.38,5.85,5.54,6235,3117,4484,1751,10.92,6.96,3.96,6,35167,80
2,3016,3,9,1,20066,2229,2928,208,25.97,12.33,0.04,17114,1901,3292,310,18.63,8.61,0.05,6,46373,80
2,3017,3,3,1,2242,747,1070,102,2.91,1.87,0.30,722,240,412,102,2.13,1.87,0.11,6,5050,9020
2,3018,3,1047,2,17579521,16790,1316399,0,5178.43,59.26,0.00,38007506,36301,1094762,0,4551.03,129.77,0.00,6,33493,8080
2,3021,3,22,1,92323,4196,15490,110,78.87,12.88,0.03,62230,2828,11237,0,54.14,9.52,0.00,6,46985,80
2,2003,2,157,1,2628075,16739,124902,0,416.73,25.82,0.00,41863868,266648,4299910,0,3347.53,403.05,0.00,6,42610,80
2,2004,2,5,1,19902,3980,6529,158,3.20,2.92,0.04,19393,3878,5877,102,3.05,2.43,0.03,6,7655,11092
2,2007,2,7,1,1095,156,214,107,549.09,420.93,0.00,845,120,192,0,510.89,377.65,0.00,17,43729,9000
2,2009,2,1,3,964,964,482,241,0.00,0.00,0.00,0,0,0,0,0.00,0.00,0.00,17,42260,46710
2,2011,2,1,1,60588,60588,60588,60588,1.35,1.35,1.35,48125,48125,48125,48125,0.64,0.64,0.64,6,1037,50200
2,2015,2,27,9,477643,17690,11816,108,5.98,2.49,0.00,125615,4652,25320,0,1.77,3.02,0.00,6,43637,443
2,2016,2,1,1,16119,16119,16119,16119,1.79,1.79,1.79,320485,320485,320485,320485,35.55,35.55,35.55,6,57551,1080
2,2021,2,1,1,4477,4477,4477,4477,1.96,1.96,1.96,22105,22105,22105,22105,9.66,9.66,9.66,6,44421,8801
2,1001,1,1,1,2302,2302,2302,2302,0.46,0.46,0.46,2651,2651,2651,2651,0.53,0.53,0.53,6,38620,21
2,1002,1,2047,5,112063840,54745,1534731,0,382854.58,319449.00,0.00,442797404,216315,9646212,0,60960.45,95370.80,0.00,6,50686,80
2,2027,2,48,1,4525373,94278,989607,628,337.05,52.46,0.08,1892307,39423,182859,306,197.22,25.94,0.00,6,40929,80
2,22001,22,96,2,737895,7686,38575,0,181.93,15.31,0.00,1785814,18602,320118,0,203.43,55.25,0.00,6,39999,80
2,22002,22,6,1,10516,1752,3202,1067,29.52,13.10,1.02,6217,1036,1602,672,21.85,12.83,0.32,6,33877,80
2,2036,2,1,1,118,118,118,118,16.54,16.54,16.54,98,98,98,98,13.74,13.74,13.74,6,1214,8888
2,6057,6,18,1,102489,5693,20324,98,84.85,15.67,0.01,500602,27811,233752,98,64.84,11.50,0.01,6,56456,80
3,10059,10,6,1,2435,405,1098,0,0.92,0.28,0.00,216,36,114,0,0.01,0.01,0.00,6,34317,9090
3,21004,21,15,1,24279,1618,2492,931,31.78,7.63,0.15,66755,4450,14895,676,78.75,19.22,0.10,6,34848,80
3,21007,21,43,1,550600,12804,118859,0,92.26,11.68,0.00,2129920,49533,875967,102,209.92,76.56,0.00,6,58061,80
3,11011,11,45,1,240728,5349,37036,102,202.98,17.22,0.02,443835,9863,134113,0,217.54,109.40,0.00,6,34128,80
3,20001,20,2463,6,20842224,8462,858559,0,88010.56,59418.30,0.00,32463968,13180,1141390,0,31074.76,28981.40,0.00,6,45365,5287
3,20002,20,500,4,2151960,4303,73014,0,24333.48,29708.70,0.00,810544,1621,42965,0,14970.63,13721.50,0.00,17,6154,3478
3,8014,8,1,1,2033,2033,2033,2033,0.62,0.62,0.62,11219,11219,11219,11219,3.42,3.42,3.42,6,40600,80
3,19122,19,1,1,1042,1042,1042,1042,0.13,0.13,0.13,3226,3226,3226,3226,0.41,0.41,0.41,6,1985,14000
3,19001,19,3061,3,8154605,2664,197410,0,1107121.73,75388.60,0.00,19048913,6223,589390,0,1973284.83,9835.83,0.00,17,28183,53
3,19003,19,1,2,1277,1277,1073,204,0.14,0.15,0.13,3343,3343,3210,133,0.27,0.46,0.09,6,5150,14000
3,19006,19,39,15,929865,23842,52186,0,17.94,114.05,0.00,986398,25292,40561,98,18.43,109.75,0.01,6,1025,2000
3,19008,19,31,11,855634,27601,51773,0,40.58,135.47,0.00,661460,21337,28447,0,39.11,130.36,0.00,6,1026,2000
3,19011,19,3,17,21899,7299,2521,98,1.59,22.23,0.01,34204,11401,2654,102,1.49,18.58,0.01,6,1050,14000
3,19016,19,32,1,33764,1055,9760,118,1180.72,230.08,0.00,15436,482,8160,0,576.33,151.06,0.00,6,37627,7
3,18002,18,4,1,21086,5271,16166,216,1782.01,2670.95,0.02,1818,454,1272,0,0.98,1.32,0.00,6,36224,81
3,19034,19,1,1,1728,1728,1728,1728,1.21,1.21,1.21,514,514,514,514,0.36,0.36,0.36,6,8161,9020
3,19043,19,4,1,27061,6765,22151,232,252.87,367.86,0.06,24513,6128,17239,0,207.16,295.49,0.00,6,59133,465
3,19047,19,2,7,584616,292308,102456,366,7.25,6.43,0.24,13651686,6825843,2431088,0,157.45,156.52,0.00,6,53956,82
3,19048,19,21,1,28302,1347,2284,318,13.54,1.65,0.08,9644,459,550,192,4.23,0.39,0.08,6,6060,9020
3,17002,17,5,1,20235,4047,6825,102,3.72,2.39,0.08,48241,9648,21277,0,5.83,2.43,0.00,6,33679,8010
3,19051,19,12,15,230693,19224,8986,0,1.55,1.26,0.00,291368,24280,16322,0,2.53,4.61,0.00,6,1033,2000
3,17005,17,24,2,150387,6266,42315,0,25.25,7.74,0.00,149909,6246,31409,0,16.24,5.63,0.00,6,2020,6969
3,19054,19,1,1,999,999,999,999,11.24,11.24,11.24,0,0,0,0,0.00,0.00,0.00,17,68,67
3,19056,19,8,6,16995,2124,1948,102,6.08,34.17,0.00,4122,515,1772,0,0.32,1.67,0.00,6,37571,20000
3,19068,19,1,1,3394,3394,3394,3394,1.44,1.44,1.44,718,718,718,718,0.31,0.31,0.31,6,1731,80
3,19069,19,86,1,105968,1232,3272,0,510.82,133.55,0.00,46541,541,2100,0,296.39,111.66,0.00,6,55583,13
3,16003,16,1,1,0,0,0,0,0.00,0.00,0.00,98,98,98,98,0.00,0.00,0.00,6,37364,8200
3,16005,16,1,1,888,888,888,888,0.11,0.11,0.11,812,812,812,812,0.10,0.10,0.10,6,52422,13153
3,19078,19,177,1,64470,364,13800,134,1722.59,34.88,0.00,41412,233,4830,0,1578.56,34.88,0.00,17,59524,123
3,16008,16,1,2,1026,1026,570,456,0.07,0.07,0.06,1423,1423,763,660,0.09,0.10,0.09,6,49453,16000
3,16009,16,13,1,35907,2762,15406,0,5.01,3.47,0.00,69589,5353,42606,0,5.02,3.18,0.00,6,2020,9000
3,16010,16,2,1,1740,870,1070,670,8.25,7.50,0.74,616,308,408,208,5.86,5.71,0.14,6,6677,8020
3,19083,19,14,5,153758,10982,23026,0,5.05,7.24,0.00,133205,9514,19095,0,3.98,6.28,0.00,6,1034,2000
3,19084,19,1,1,102,102,102,102,0.08,0.08,0.08,318,318,318,318,0.25,0.25,0.25,6,2101,8999
3,19086,19,2,1,2435,1217,1413,1022,1.69,0.90,0.79,42990,21495,23400,19590,30.11,15.21,14.90,17,1026,9201
3,19053,19,71,12,3045287,42891,90122,0,19.04,33.98,0.00,1736569,24458,57168,0,7.91,9.42,0.00,6,1234,2000
3,19088,19,2,16,8829,4414,655,122,0.07,0.06,0.02,480,240,480,0,0.00,0.03,0.00,17,57758,6767
3,19089,19,2,2,7070,3535,5982,102,3.48,4.58,0.01,8508,4254,7522,102,0.91,1.42,0.01,6,60520,67
3,19097,19,34,15,583628,17165,34177,0,2.49,1.34,0.00,283041,8324,65035,0,3.34,28.69,0.00,17,59671,5998
3,15002,15,19,1,63373,3335,6612,102,45.52,8.66,0.03,330704,17405,42877,0,194.35,44.06,0.00,6,49157,80
3,19100,19,43,2,921256,21424,143769,0,49.71,11.10,0.00,3540321,82333,1114628,102,209.59,124.82,0.01,6,37794,8801
3,19101,19,1,1,298,298,298,298,0.05,0.05,0.05,200,200,200,200,0.03,0.03,0.03,6,1524,80
3,8001,8,22,2,283705,12895,199310,0,37.20,17.25,0.00,3794985,172499,2967572,0,149.48,143.63,0.00,6,51013,80
3,15007,15,2,2,9110,4555,3513,1135,1.86,1.59,0.51,46335,23167,33594,1159,5.49,5.27,0.52,6,1089,80
3,15008,15,33,1,418788,12690,80110,102,127.60,16.17,0.01,2481729,75203,833725,0,454.26,132.60,0.00,6,39687,80
3,15009,15,10,1,63491,6349,13939,1022,33.38,10.25,0.18,181711,18171,57498,895,48.57,23.67,0.13,6,53274,80
3,19107,19,4,4,8130,2032,3612,102,0.57,0.67,0.01,2488,622,2488,0,0.06,0.25,0.00,6,50361,88
3,19108,19,15,3,256406,17093,59565,0,12.90,7.68,0.00,3066619,204441,838933,0,95.17,76.12,0.00,6,40170,1080
3,19110,19,30,1,210676,7022,94176,0,9.80,1.57,0.00,23662,788,1322,0,13.55,1.93,0.00,6,22,51393
3,14001,14,1497,4,29396223,19636,226866,0,3364.13,46.96,0.00,73201440,48898,1985195,0,6404.06,239.06,0.00,6,46953,443
3,14002,14,4,2,4230,1057,1220,122,1.79,0.67,0.00,0,0,0,0,0.00,0.00,0.00,6,43609,4500
3,19140,19,6,1,3406,567,816,194,18.68,9.08,1.46,0,0,0,0,0.00,0.00,0.00,17,5353,5351
3,19141,19,127,14,3431135,27016,170382,215,15477.22,220049.00,0.00,0,0,0,0,0.00,0.00,0.00,17,56206,1900
3,19143,19,1,1,353,353,353,353,0.08,0.08,0.08,352,352,352,352,0.08,0.08,0.08,6,3389,14000
3,13001,13,1,4,5704,5704,2070,803,0.13,0.19,0.04,816,816,204,204,0.02,0.02,0.01,17,1300,50025
3,19146,19,1,12,8279,8279,1754,306,0.13,0.50,0.03,19939,19939,5274,396,0.35,1.85,0.03,6,1099,80
3,13005,13,1,1,1070,1070,1070,1070,0.74,0.74,0.74,208,208,208,208,0.14,0.14,0.14,6,5060,9020
3,13006,13,42,1,145885,3473,22480,102,61.96,10.67,0.01,373260,8887,209657,102,57.05,15.17,0.01,6,55222,80
3,19151,19,1,1,102,102,102,102,0.01,0.01,0.01,98,98,98,98,0.01,0.01,0.01,6,1494,80
3,19153,19,1,1,968,968,968,968,1.02,1.02,1.02,514,514,514,514,0.54,0.54,0.54,6,5631,9020
3,19154,19,1,1,1070,1070,1070,1070,0.75,0.75,0.75,208,208,208,208,0.15,0.15,0.15,6,7323,9020
3,13011,13,7,1,204734,29247,100357,122,19.16,9.96,0.01,203913,29130,97853,98,3.91,2.72,0.01,6,36679,6001
3,19159,19,3,2,11799,3933,4134,318,7.97,7.45,0.09,9410,3136,3316,102,6.19,5.43,0.03,6,42838,5900
3,19161,19,179,3,1412901,7893,50134,0,186.18,15.82,0.00,1399703,7819,59367,0,153.13,10.83,0.00,6,36378,25553
3,12001,12,66,1,359301,5443,18100,0,128.03,14.25,0.00,5211045,78955,194628,0,1683.64,182.75,0.00,17,1025,9201
3,19170,19,227,5,17408061,76687,325902,0,423.41,42.86,0.00,19111683,84192,323870,0,463.46,42.51,0.00,6,53675,5222
3,19171,19,143,10,6585172,46050,2526502,0,40.57,88.49,0.00,4592912,32118,3185680,0,21.38,102.41,0.00,17,1001,1007
3,10050,10,1,2,1683,1683,1309,374,0.48,0.80,0.17,0,0,0,0,0.00,0.00,0.00,17,9008,1900
3,11001,11,51,1,392792,7701,78510,0,3582.80,5759.24,0.00,479567,9403,97990,0,145.03,85.03,0.00,6,52530,993
3,11002,11,2,1,1250,625,929,321,0.39,0.35,0.05,3729,1864,3377,352,1.31,1.26,0.05,6,1352,14000
3,11004,11,26,2,239486,9211,89808,0,174.40,97.19,0.00,696973,26806,73951,0,255.77,56.41,0.00,6,53501,110
3,11005,11,6,1,15492,2582,3814,122,350.21,415.08,1.02,25881,4313,9438,94,224.69,246.74,2.22,6,55879,25
3,11008,11,3,2,28132,9377,7294,2949,10.62,5.07,1.90,59158,19719,13971,5968,20.97,10.75,4.20,6,51458,587
3,11010,11,6,1,13916,2319,3974,910,31.53,13.05,0.09,10136,1689,2275,306,28.22,21.61,0.03,6,53559,80
3,9003,9,67,2,746239,11137,46206,0,207.85,13.71,0.00,5539300,82676,930076,0,416.54,108.10,0.00,6,40310,80
3,11013,11,4,1,4702,1175,1814,900,10.07,3.45,1.12,4769,1192,2092,856,10.10,3.97,1.00,6,48906,80
3,11016,11,1,1,735,735,735,735,7.12,7.12,7.12,704,704,704,704,6.82,6.82,6.82,6,54061,80
3,10001,10,10,3,80042,8004,21549,352,5.11,6.42,0.03,63034,6303,11552,204,4.10,4.53,0.02,6,1024,7788
3,10003,10,2,2,25494,12747,22928,102,0.25,0.24,0.05,15826,7913,14182,318,0.17,0.26,0.03,6,4878,5555
3,10005,10,97,1,154448,1592,15534,0,424.78,153.35,0.00,140179,1445,20262,0,290.45,69.78,0.00,6,60037,80
3,2009,2,3,2,3437,1145,1374,131,0.07,0.07,0.00,0,0,0,0,0.00,0.00,0.00,17,6537,6537
3,10009,10,1,1,106,106,106,106,11.60,11.60,11.60,102,102,102,102,11.17,11.17,11.17,6,6000,8020
3,10011,10,2,1,1322,661,1192,130,61.45,61.29,0.16,816,408,714,102,48.18,48.09,0.09,6,1024,11000
3,10018,10,96,2,177104,1844,25493,0,244.29,85.89,0.00,190043,1979,13020,0,211.60,85.89,0.00,6,42107,7000
3,10019,10,25,2,540953,21638,214856,0,379.16,42.28,0.00,1782681,71307,784032,0,330.58,35.15,0.00,6,39983,8888
3,9001,9,13,1,131361,10104,59334,1152,47.21,17.67,0.22,1590273,122328,1039389,692,95.27,49.18,0.10,6,49802,80
3,9002,9,139,1,1504509,10823,198166,114,406.74,18.70,0.02,15751492,113320,3198622,0,2447.73,145.39,0.00,6,51272,80
3,10027,10,12,2,183591,15299,22377,210,152.20,335.69,0.06,446410,37200,79011,0,26.61,7.23,0.00,6,10032,8080
3,10029,10,2,1,548,274,548,0,3.29,3.29,0.00,562,281,464,98,2.79,2.79,0.00,6,50119,20001
3,10034,10,2,5,5954,2977,2078,147,0.24,0.83,0.02,3204,1602,1030,0,0.16,0.58,0.00,6,1024,9220
3,10035,10,1,2,2812,2812,1965,847,0.38,0.63,0.12,5819,5819,3986,1833,0.77,1.29,0.25,6,2301,14000
3,10037,10,1,76,41204,41204,2714,98,0.09,0.62,0.01,87548,87548,14119,133,0.20,3.36,0.01,6,1201,14000
3,10038,10,1,1,244,244,244,244,23.74,23.74,23.74,204,204,204,204,19.85,19.85,19.85,6,2348,8888
3,10039,10,1,1,1148,1148,1148,1148,0.64,0.64,0.64,298,298,298,298,0.17,0.17,0.17,6,5131,8020
3,10041,10,2,1,1646,823,1070,576,0.82,0.75,0.08,562,281,354,208,0.19,0.15,0.05,6,37853,6668
3,19082,19,1,1,552,552,552,552,0.07,0.07,0.07,744,744,744,744,0.09,0.09,0.09,6,1512,14000
3,10049,10,132,3,446958,3386,21546,0,3431.40,487.80,0.00,431660,3270,58887,0,2066.16,432.73,0.00,6,46561,3003
3,8002,8,84,3,2054996,24464,302776,0,224.53,39.40,0.00,1484723,17675,157376,0,92.38,16.56,0.00,6,57016,80
3,16011,16,34,11,172287,5067,13134,0,3.18,12.06,0.00,275599,8105,17323,102,2.84,2.53,0.01,6,38513,8887
3,8005,8,1,1,510,510,510,510,0.04,0.04,0.04,0,0,0,0,0.00,0.00,0.00,6,39225,80
3,10055,10,2,1,2802,1401,1554,416,0.60,0.37,0.18,1594,797,808,340,0.35,0.19,0.14,6,4883,9999
3,10058,10,52,11,930469,17893,33866,0,53.85,12.99,0.00,318408,6123,22789,0,16.48,10.83,0.00,6,7503,9020
3,8011,8,3,1,26072,8690,19608,2414,16.95,11.48,1.84,406575,135525,367107,16889,50.90,30.91,7.13,6,55881,80
3,12002,12,39,1,1196045,30667,242033,114,513.42,108.04,0.02,128097,3284,22119,361,105.87,9.87,0.07,6,35282,80
3,10062,10,4,1,2820,705,2124,102,26.27,20.44,0.02,840,210,534,0,17.22,17.09,0.00,17,5812,3478
3,8016,8,1,35,246640,246640,32131,0,2.36,12.61,0.00,49940,49940,4586,98,0.44,2.41,0.01,6,1024,80
3,10066,10,54,1,102247,1893,34631,0,3459.23,5378.73,0.00,73462,1360,34300,0,1488.33,2243.04,0.00,6,55919,5228
3,10069,10,1,2,1392,1392,708,684,0.10,0.10,0.10,0,0,0,0,0.00,0.00,0.00,6,50507,9401
3,10071,10,1,1,1614,1614,1614,1614,1.07,1.07,1.07,3519,3519,3519,3519,2.32,2.32,2.32,6,52668,30000
3,7001,7,1,1,3038,3038,3038,3038,1.27,1.27,1.27,29408,29408,29408,29408,12.34,12.34,12.34,6,56029,80
3,7004,7,4,1,2287,571,749,262,0.37,0.30,0.00,749,187,749,0,0.13,0.17,0.00,17,53407,8800
3,10078,10,7,2,28717,4102,18471,118,1.10,0.73,0.02,10342,1477,8298,0,0.20,0.14,0.00,6,8093,7777
3,10080,10,79,15,4396242,55648,57068,0,123.28,137.56,0.00,2410446,30511,30906,0,67.75,128.89,0.00,6,4349,2000
3,10083,10,1,1,1050,1050,1050,1050,0.70,0.70,0.70,298,298,298,298,0.20,0.20,0.20,6,7880,9020
3,10084,10,90,2,49852,553,4068,0,281.82,20.81,0.00,34345,381,2821,0,202.25,17.22,0.00,17,20217,80
3,10086,10,1,1,228,228,228,228,2.97,2.97,2.97,348,348,348,348,0.41,0.41,0.41,6,44990,1237
3,10089,10,1,1,1070,1070,1070,1070,0.74,0.74,0.74,412,412,412,412,0.29,0.29,0.29,6,6877,9020
3,10091,10,1,1,1282,1282,1282,1282,0.66,0.66,0.66,412,412,412,412,0.21,0.21,0.21,6,7007,8020
3,10097,10,91,1,580765,6382,118320,0,464.90,204.38,0.00,3127435,34367,2359205,0,288.02,80.50,0.00,6,50027,9999
3,10098,10,3,2,3746,1248,712,354,0.48,0.71,0.05,1938,646,456,0,0.07,0.03,0.00,6,60089,7760
3,10101,10,1,1,1070,1070,1070,1070,0.75,0.75,0.75,208,208,208,208,0.15,0.15,0.15,6,6816,8020
3,6008,6,2,3,218277,109138,60760,2604,10.60,14.35,0.30,19988,9994,6810,102,1.02,0.95,0.01,6,52084,25103
3,10105,10,173,6,1919417,11094,94524,0,496.71,1384.74,0.00,1739644,10055,107075,0,389.86,1233.67,0.00,6,60668,8050
3,10107,10,6,2,32646,5441,5069,114,12.69,16.77,0.09,39440,6573,6813,102,13.00,15.00,0.08,6,7002,8020
3,6012,6,4,1,35227,8806,28024,1529,12.83,8.98,0.45,422734,105683,376712,8705,148.10,124.61,2.58,6,39914,80
3,10109,10,1,1,1357,1357,1357,1357,0.83,0.83,0.83,6042,6042,6042,6042,3.68,3.68,3.68,6,44902,80
3,10111,10,12,2,221168,18430,86074,102,32.08,15.06,0.01,603906,50325,110302,102,65.70,23.30,0.01,6,50726,80
3,10112,10,2,2,92254,46127,81084,612,3.94,5.37,0.10,431337,215668,420237,510,13.62,25.73,0.08,6,58297,80
3,1003,1,2,2,2088,1044,1008,135,0.12,0.11,0.02,2004,1002,700,201,0.11,0.09,0.02,17,1024,9200
3,10118,10,16,2,110943,6933,26923,660,20.22,8.41,0.10,180670,11291,40360,0,25.69,8.58,0.00,6,55927,80
3,6023,6,60,2,772722,12878,236674,98,67.25,25.03,0.03,1045275,17421,40525,0,106.20,12.47,0.00,6,53730,8802
3,5001,5,1,2,4963,4963,2581,2382,0.92,1.03,0.81,24387,24387,13928,10459,4.46,4.73,4.19,6,50895,80
3,5002,5,392,3,11261281,28727,375569,0,1955.07,50.70,0.00,45650175,116454,1808504,0,3126.92,173.27,0.00,6,37399,80
3,5003,5,263,2,1861259,7077,33412,0,511.45,22.74,0.00,6617199,25160,683614,0,1284.25,161.38,0.00,6,61026,80
3,6028,6,1,1,15808,15808,15808,15808,5.23,5.23,5.23,139539,139539,139539,139539,35.70,35.70,35.70,6,49912,80
3,5005,5,1,1,1275,1275,1275,1275,13.64,13.64,13.64,1322,1322,1322,1322,14.15,14.15,14.15,6,52111,80
3,6031,6,1,1,1279,1279,1279,1279,0.29,0.29,0.29,874,874,874,874,0.20,0.20,0.20,6,5598,9898
3,26002,26,14,2,43238,3088,3532,98,14.90,10.03,0.01,211160,15082,30403,0,66.63,43.68,0.00,6,54250,80
3,26003,26,188,2,3573306,19006,182182,102,819.53,16.29,0.01,22107403,117592,942290,0,1984.16,336.79,0.00,6,51750,80
3,6037,6,2,1,3839,1919,2330,1509,2.01,1.67,0.35,28566,14283,16708,11858,15.60,13.12,2.47,6,52326,80
3,6038,6,3,1,248969,82989,236249,4624,41.37,30.09,3.27,9945785,3315261,9694331,65646,1323.98,1093.87,46.37,6,45378,80
3,6039,6,20,8,610929,30546,73064,0,25.78,69.29,0.00,112188,5609,72525,0,13.71,40.41,0.00,17,5829,7011
3,6041,6,3,1,22717,7572,19090,102,2.80,2.45,0.02,153958,51319,142917,102,18.34,18.32,0.00,6,48025,80
3,6042,6,14,1,46822,3344,5822,102,25.90,15.67,0.02,218200,15585,30474,0,91.98,52.31,0.00,6,48754,80
3,6043,6,1,1,3564,3564,3564,3564,0.52,0.52,0.52,35431,35431,35431,35431,5.19,5.19,5.19,6,50755,80
3,6045,6,57,2,210918,3700,42146,0,105.40,18.80,0.00,1601470,28095,646187,0,286.36,294.97,0.00,6,35391,1863
3,4001,4,8,4,150116,18764,16802,204,12.31,10.00,0.04,657436,82179,77006,204,39.61,23.53,0.04,6,58647,80
3,4002,4,38,3,565889,14891,36774,0,47.09,9.48,0.00,2712678,71386,372313,0,233.80,91.74,0.00,6,63867,80
3,4003,4,8,4,88524,11065,14720,0,11.10,9.54,0.00,372961,46620,75826,0,38.03,30.87,0.00,6,62531,80
3,6057,6,49,2,818393,16701,114989,0,151.31,23.66,0.00,6251502,127581,1244040,0,239.49,34.96,0.00,6,40837,80
3,25002,25,6,2,40218,6703,9409,102,4.55,4.48,0.03,52681,8780,12271,102,6.76,6.29,0.01,6,52337,80
3,25004,25,46,5,1471328,31985,122051,0,94.27,15.57,0.00,6323558,137468,155012,0,425.72,57.90,0.00,6,57301,8080
3,25005,25,15,1,28109,1873,7084,98,78.05,22.88,0.01,40912,2727,8303,98,88.13,25.26,0.01,6,54415,80
3,25006,25,299,4,9375296,31355,255292,0,1020.62,119.72,0.00,45126102,150923,1867399,0,2658.98,396.99,0.00,6,47366,80
3,3004,3,5,1,10738,2147,5570,887,6.60,3.05,0.29,12569,2513,6591,208,8.77,4.59,0.15,6,60975,6666
3,3006,3,22,1,19113,868,4148,0,20631.39,30716.20,0.00,17112,777,4025,0,559.31,114.64,0.00,6,46329,1863
3,3009,3,704,4,28826285,40946,454462,0,9118.80,30716.20,0.00,37031293,52601,453543,0,1817.96,106.35,0.00,6,50443,14000
3,3011,3,1632,11,52908049,32419,124691,0,50819.66,237658.00,0.00,82438346,50513,208431,0,10528.63,57026.00,0.00,6,41497,14000
3,3012,3,1,1,1026,1026,1026,1026,0.07,0.07,0.07,1423,1423,1423,1423,0.09,0.09,0.09,6,36866,16000
3,3013,3,120,2,3446917,28724,213362,98,525.74,27.32,0.00,3347740,27897,212976,0,387.35,27.27,0.00,6,48742,5287
3,24007,24,2,4,53184,26592,28479,1221,2.97,4.38,0.10,62374,31187,27584,0,4.30,15.69,0.00,6,40053,80
3,3016,3,16,3,41090,2568,2133,98,3.48,4.03,0.02,33344,2084,1902,98,2.52,2.28,0.01,6,39565,5222
3,3017,3,2,2,277269,138634,139605,266,0.40,0.46,0.02,119262,59631,59520,204,0.17,0.18,0.02,6,5050,1009
3,3018,3,1648,4,32898258,19962,800894,0,5334.85,69.59,0.00,83266086,50525,696138,0,6114.75,133.90,0.00,6,41018,80
3,3020,3,2,1,5381,2690,3936,440,0.85,0.92,0.05,9975,4987,8070,575,1.58,1.89,0.07,6,33893,8080
3,3021,3,40,3,343312,8582,25224,0,59.70,11.55,0.00,406442,10161,120927,0,80.46,57.42,0.00,6,56115,80
3,2002,2,8,2,49091,6136,9697,125,3.08,1.07,0.00,245501,30687,180401,0,3.83,5.05,0.00,17,1024,12601
3,2003,2,257,3,10517233,40923,403186,0,572.83,29.09,0.00,185355008,721225,9697522,0,7120.59,434.59,0.00,6,36304,80
3,2004,2,9,1,51666,5740,24613,294,11.43,8.07,0.03,35193,3910,9826,190,6.72,2.86,0.02,6,51126,80
3,2005,2,2,1,45922,22961,28713,6915,4.19,3.37,0.55,444612,222306,382429,9029,25.88,25.84,0.71,6,44838,1080
3,3030,3,1,2,3619,3619,1966,1653,0.61,0.63,0.58,3223,3223,1791,1432,0.55,0.63,0.46,6,54691,8080
3,2007,2,11,1,3017,274,1067,107,548.68,289.67,0.00,1925,175,961,0,430.83,168.41,0.00,17,44280,9000
3,23001,23,6,1,17562,2927,6342,0,24.92,14.13,0.00,27643,4607,11830,102,19.49,9.51,0.01,6,50317,80
3,2011,2,1,1,459,459,459,459,0.08,0.08,0.08,306,306,306,306,0.06,0.06,0.06,6,1026,50200
3,2015,2,65,11,1024814,15766,89382,102,12.95,16.81,0.00,525833,8089,112751,0,4.98,2.38,0.00,6,56734,80
3,2016,2,2,1,38017,19008,21500,16517,5.46,4.58,0.88,166337,83168,130083,36254,4.83,3.79,1.04,6,58036,1080
3,2020,2,1,1,90777,90777,90777,90777,1.62,1.62,1.62,1923221,1923221,1923221,1923221,1.69,1.69,1.69,17,7000,9001
3,2021,2,1,1,5375,5375,5375,5375,1.64,1.64,1.64,16231,16231,16231,16231,4.94,4.94,4.94,6,60246,8802
3,1002,1,3779,12,254350441,67306,2957125,0,312975.87,252276.00,0.00,1077510480,285131,28574177,0,57172.76,47565.20,0.00,6,51372,80
3,2027,2,75,2,5326964,71026,1954703,0,372.62,84.86,0.00,5917821,78904,402758,0,378.91,140.73,0.00,6,51919,80
3,22001,22,155,5,2756963,17786,199268,0,263.31,27.07,0.00,9840374,63486,982462,0,363.88,126.24,0.00,6,46762,80
3,22002,22,6,2,37900,6316,14335,1069,31.13,13.60,0.45,26557,4426,11085,722,17.93,9.24,0.30,6,43004,80
3,22003,22,1,1,16161,16161,16161,16161,6.74,6.74,6.74,29788,29788,29788,29788,12.45,12.45,12.45,6,53920,27855
3,2036,2,2,5,19737,9868,14135,102,0.28,0.78,0.01,49494,24747,38837,98,0.16,0.45,0.01,6,1214,14000
3,22005,22,1,1,3993,3993,3993,3993,1.58,1.58,1.58,3264,3264,3264,3264,1.35,1.35,1.35,6,56566,80
3,22006,22,1,1,10473,10473,10473,10473,1.18,1.18,1.18,27462,27462,27462,27462,3.10,3.10,3.10,6,43115,80
3,25001,25,7,1,56430,8061,14911,306,11.28,3.32,0.05,171620,24517,49512,0,29.98,8.63,0.00,6,63294,80
